0 -363.802
1 -334.374
2 -324.66
3 -299.083
4 -283.78
5 -276.47
6 -263.333
7 -251.017
8 -235.494
9 -222.735
10 -194.766
11 -175.743
12 -160.604
13 -155.645
14 -151.551
15 -148.198
16 -124.592
17 -96.0994
18 -88.5526
19 -75.3635
20 -66.6404
21 -55.3592
22 -29.6308
23 -25.5639
24 -8.44882
25 -5.77552
26 19.7394
27 45.1133
28 54.976
29 65.0023
30 70.8785
31 87.1572
32 101.247
33 118.293
34 132.413
35 135.195
36 141.543
37 163.354
38 173.726
39 187.223
40 215.644
41 226.251
42 257.85
43 266.091
44 271.575
45 280.93
46 314.423
47 323.458
48 379.96
49 1000
