83 397.218 0 0 0 0 0 0 0 0 0 0 0 0 0 0 0 0 0 0 0 0 0 0 0 0 0 0 0 0 0 0 0 0 0 0 0 0 0 0 0 0 0 0 0 0 0 0 0 0 
397.218 1917.54 1069.69 0.000348791 -0.000157406 0.000506774 0.000109164 0 0 0.00018738 -0.000431846 0 0.000113825 0.000184237 -0.00018472 0.000210271 0 -0.000135427 0.000191852 0.000462886 -0.0004041 -0.000245992 -0.000119538 -0.000101094 0 0 0 0 -0.000674552 0.000105773 0 -0.000189384 -0.000296212 0 -0.000159895 -0.000204787 0.000253568 0.000186141 0.000134237 -0.000442114 0.000186768 0.000386436 -0.000138757 0.000284321 0 -0.000584765 0.000136669 0 0.000181834 -0.000241468 
0 1069.69 536.677 167.012 -0.00015178 -0.000285773 0 0.000379222 0 0.00021793 -0.000114808 -0.000204377 -0.000386918 0 0 0 -0.00011821 -0.000179385 0 -0.000211153 0 0 0 -0.000173575 0.000193163 0.000104 -0.00018762 0 -0.000372048 -0.000163696 -0.000170079 0 0.000271813 -0.000119072 0 -0.00031548 -0.000132886 0.000271292 0.00021917 0.00025139 -0.0003242 0.000581077 0 0.000402461 0.000430686 -0.000286966 -0.000261003 0 0 0.000370207 
0 0 167.012 -12.9172 186.184 0 0 0 0 0 0 0 0 0 0 0 0 0 0 0 0 0 0 0 0 0 0 0 0 0 0 0 0 0 0 0 0 0 0 0 0 0 0 0 0 0 0 -0.000101273 0 0 
0 0 -0.000161305 186.184 -26.8823 182.229 0 0 0 0.000112467 0 0 0 0.000104362 0 0 -0.00011113 -0.000149694 0 0 0 0 0 0 0 -0.0001335 -0.000100014 0 0 0 -0.000127273 0 0 -0.000104661 0 0 0 0 0 0 0 0 0 0 0 0 0 0 0 0 
0 0 -0.000276778 0 182.229 40.7621 191.064 0 0 0 0 0 0 0 0 0 0 0 0 0.000100916 0 0 0.000128338 0 0 0 0 0 0.000107542 0.000110395 0 0 0 0 0 0 0 0 -0.000118735 0 0 0 0 0 0 0 0 0.000149786 0 0 
0 0 -0.000126822 0 0 191.064 26.988 164.261 0 0 0 0 0.000113767 0 0 0 -0.000109001 0 0 0 0 0.000179216 0 0 0 0.00012594 0 0 0 -0.00012845 0 0 0 0 0 0 0 0 0 0 0 0 0 0 -0.000116407 0 0 0 0 0 
0 0 0.000372263 0 0 0 164.26 9.26334 216.691 0 0 0 0 0 0 0 0 0 0.000126416 0 0 0 0.000122228 0 0.000153619 0 0 0 0 0.000152676 -0.000109913 0 0 0 -0.000106512 0 0 0 0.000124283 0 0 -0.00013221 0 0 0 0 0.000126579 0 0 0 
0 0 0 0 0 0 0 216.691 62.7428 185.159 0 0 0 0.000194262 0 0.000223148 0 0 0 -0.000101758 0 0 0 0.000140533 0 0 0 0 0 0 0 0 0 0 -0.000137332 0 0 0 0 0 0.000138056 -0.000153681 0 0 -0.000131019 0 0 0 0 0 
0 0 0.000258442 0 0 0 0 0 185.159 -74.5909 210.627 0 0 0 0 0 0 0.00013675 0 0 0 0 0 0 0 0 0 0 0 0 0 0 0.000169798 0 0.00012774 0 -0.000105617 0.000202687 0 0.00011861 0 0 -0.000131287 0 -0.00016729 0 0 -0.000174407 0 0 
0 0 -0.000214521 0 0 0 0 0 0 210.627 5.55458 147.253 0 0 0.000130245 0 -0.000107806 0 0 -0.000162027 0 0 0 0 -0.000155335 0 0 0 0 0 0 0 0.00011248 0 0 0.000153585 0 0.00010109 0.000135044 -0.00014002 0.000116286 0 0 -0.000102141 0 0.000147391 -0.000150769 0 0 0 
0 0 -0.000266937 0 0 0 0 0 0 0 147.253 53.1244 156.408 -0.000125707 0.000105294 0 -0.000118306 0 0 0 0 -0.000116769 0 0.00014475 0 0 0.000149135 -0.000197866 0 -0.000115354 0.000171557 -0.000165149 0 0 0 0 0 0 0 0 0 -0.000160591 0.000102144 0 0 0 0 0 0.000198291 0 
0 0 -0.000231241 0 0 0 0 0 0 0 0 156.408 -28.9321 159.916 0 0 0.000136867 0 0 0 0 0 0 0 0 0 0 -0.000242354 0 0 0.000123968 0 0 0.000106309 0 0 0 0 0.000168674 0 0 0 0.000123544 0 0 0 -0.000126799 0 -0.000151542 0 
0 0 0 0 0 0 0 0 0 0 0 0 159.916 -61.1806 151.077 0 0 -0.000104744 -0.000158595 0.000135415 0 0 0 0.000232379 0 0 0 -0.000148461 0 0 0.000147559 0 0.000121424 0 -0.000179759 0 0 0 -0.000136156 -0.000159754 0 0 -0.000105297 0 0 -0.000168837 0 0 0 0 
0 0 0 0 0 0 0 0 0 0 0 0 0 151.077 -12.4283 204.725 0 -0.000274801 0.000170293 0 0 0 0 0 0.000160635 0 0 0 0 0 0 0 0 0.000110883 -0.000103252 0 0 0.00012489 0.000116866 0 0 0 -0.000124396 0 0 0 0 0 -0.000130813 -0.000186285 
0 0 0.000131972 0 0 0 0 0 0 0 0 0 0 0 204.726 3.19768 162.534 0 0 0.000178143 0 0 0 0 0 0 0.000203754 -0.00018264 0 0 0 0 0.000232372 0.000103944 0.000121864 0 0.000152532 -0.000111387 0 0 0.000123484 0 0 0.00012275 -0.000153174 0 0 0.000101381 0 0 
0 0 0 0 0 0 0 0 0 0 0 0 0 0 0 162.534 40.6511 160.885 0 0 -0.000157993 -0.000147052 0 0 0 0.000171625 -0.000154778 0 0 0 0 0 -0.000134476 0 0.000273529 0 0 0.000211281 0.000122561 0 0 0 -0.000145994 0 0 0.000141595 0 0 0 0.000227757 
0 0 -0.000134919 0 0 0 0 0 0 0 0 0 0 0 0 0 160.885 -18.7168 133.895 0 0 0 0 0 0 0 -0.000115002 0 0 0 -0.000159148 -0.000195928 0 0.000115581 0 0 -0.00010674 -0.00016755 0 -0.000151633 0 0 0.00010162 0.000122275 0 0 -0.000106774 0 0 0 
0 0 0 0 0 0 0 0 0 0 0 0 0 0 0 0 0 133.895 -48.9917 157.822 -0.000181987 0.000125206 0 0 -0.000101455 0 0 0 0 0 -0.000107058 0.000196046 0 0 -0.000138881 -0.000197925 0 0.000150066 -0.000270552 0 -0.000116627 0.000159136 0.000154246 0.000175879 0 0.000306846 0 0.000107296 0 0 
0 0 -0.000214149 0 0 0 0 0 0 0 0 0 0 0 0 0 0 0 157.822 -29.5737 163.732 0.000258701 -0.00017146 0 -0.000164727 -0.000276802 0 0 0 0 -0.000111542 -0.000105102 -0.000237465 0 -0.000141693 0 0 -0.000104592 0 0 0 0 0 0 0 0 0 -0.000162005 0.000113176 0 
0 0 0 0 0 0 0 0 0 0 0 0 0 0 0 0 0 0 0 163.733 67.2212 143.189 0 -0.000106539 -0.000126972 0 0 0.000107105 0 0 -0.000156684 0 0 0 0 0 0.000150434 0 0.000133285 0 0 0 -0.000127891 0 0 -0.000149413 -0.000155635 0 0.000130422 0 
0 0 0 0 0 0 0 0 0 0 0 0 0 0 0 0 0 0 0 0 143.189 -34.2741 125.387 0 -0.000109902 0 0.00010369 0 -0.000125715 -0.000141088 0 0.000110625 -0.000186454 -0.000130005 0 0 0 0 0 -0.000150225 -0.000200541 0 0 0 0 0 0.000132128 0 -0.000100415 0.000134574 
0 0 0 0 0 0 0 0 0 0 0 0 0 0 0 0 0 0 0 0 0 125.387 -59.2562 155.143 0.000123659 0 -0.000139795 0 0.000169598 -0.000173058 0.000117006 0 0 0 0.000172648 0.00010871 0.000202021 0 -0.000240303 -0.000186798 -0.000141455 0 0 -0.000116007 0.00021826 0.000107401 -0.000136197 0 0.000258254 0.000202117 
0 0 -0.000127911 0 0 0 0 0 0 0 0 0 0 0 0 0 0 0 0 0 0 0 155.143 8.61841 135.073 -0.000194522 0.000113365 0 0 0 0 -0.000141908 0 0.000175788 0 -0.000130051 0 -0.000120848 -0.000173961 0.000276245 -0.000204711 0 0.00011733 0 0 0.000227363 -0.000146557 0.000140879 0 0 
0 0 0.000172714 0 0 0 0 0 0 0 0 0 0 0 0 0 0 0 0 0 0 0 0 135.073 -25.116 149.389 0 -0.000185054 0 -0.000125054 0 0 0 0.000244103 0 0 0 -0.000151116 0 0 0 0.000145347 0.000291746 0.000132335 0 -0.000125309 -0.000207648 0 0 0.000139917 
0 0 0.000189457 0 0 0 0 0 0 0 0 0 0 0 0 0 0 0 0 0 0 0 0 0 149.389 46.0527 134.408 -0.000172739 0 0.000139596 0.000163199 0 0 0.000135665 0 0 0.00012736 0 -0.000132929 0.000328126 0 0 0 0.000170795 0 0 0 -0.00010211 0.000101264 0 
0 0 -0.000272043 0 0 0 0 0 0 0 0 0 0 0 0 0 0 0 0 0 0 0 0 0 0 134.408 -1.01001 138.067 -0.000108607 0 0 -0.000147317 0.000122828 0 0 0 -0.000173309 0 0.000101898 0.000195974 0 0 0 0 -0.00017152 0 0 0 -0.000136645 0 
0 0 -0.000295223 0 0 0 0 0 0 0 0 0 0 0 0 0 0 0 0 0 0 0 0 0 0 0 138.067 -29.1364 148.672 -0.000143678 0 0.000148586 0.000213288 0 0 0.00011103 0.000132963 0.000172891 0 0 0 0 0.000177752 0 0 0 0 0 0 0.000171463 
0 0 -0.000498993 0 0 0 0 0 0 0 0 0 0 0 0 0 0 0 0 0 0 0 0 0 0 0 0 148.672 -16.0833 140.513 0.000170107 0 0.00016103 -0.000122623 0 0 -0.00012012 0 0.000171014 0 0 0 0.000184651 0 0 -0.000119227 0 0 0.000134752 0 
0 0 -0.000166429 0 0 0 0 0 0 0 0 0 0 0 0 0 0 0 0 0 0 0 0 0 0 0 0 0 140.514 -11.6416 134.434 0.000244593 0 0 -0.000133886 0.000135313 0 0 0 0 0 0 0.000110842 0.00024558 -0.000107404 0 0.000164308 0.000176089 0 0 
0 0 -0.000137218 0 0 0 0 0 0 0 0 0 0 0 0 0 0 0 0 0 0 0 0 0 0 0 0 0 0 134.434 25.8802 112.408 0 -0.00022436 0 0.000171614 0 0 0 0.000280351 -0.000107314 0 0 0.000117912 0 0 -0.000114179 0 0 0 
0 0 0 0 0 0 0 0 0 0 0 0 0 0 0 0 0 0 0 0 0 0 0 0 0 0 0 0 0 0 112.408 16.5206 168.631 0 0.000147148 0 0 0 -0.000101174 0 0 -0.000103181 0 0.000107919 0 0.000131167 0.000200581 0.000128553 0 -0.000211676 
0 0 0.000211432 0 0 0 0 0 0 0 0 0 0 0 0 0 0 0 0 0 0 0 0 0 0 0 0 0 0 0 0 168.631 -14.9667 156.047 -0.000166681 -0.000211597 0 0 0 0 0 0.00021291 0 0 -0.000140089 0 -0.00010238 0 0 -0.000192743 
0 0 0 0 0 0 0 0 0 0 0 0 0 0 0 0 0 0 0 0 0 0 0 0 0 0 0 0 0 0 0 0 156.047 -20.141 93.9863 -0.00010912 0 0.00010483 -0.000257263 0 0 0 -0.000199563 0 0 -0.000101175 0 0.000266217 0 0 
0 0 0 0 0 0 0 0 0 0 0 0 0 0 0 0 0 0 0 0 0 0 0 0 0 0 0 0 0 0 0 0 0 93.9861 -44.0512 138.614 0 -0.000112597 0 0 0 -0.000168167 0 0 0.000114233 0 0 0 0.000257593 0.000100357 
0 0 -0.00034107 0 0 0 0 0 0 0 0 0 0 0 0 0 0 0 0 0 0 0 0 0 0 0 0 0 0 0 0 0 0 0 138.614 -71.5651 124.637 -0.000175271 0 0 0 0.000150801 0.000251962 -0.00012648 0.000166176 -0.000117058 0.000152425 0 -0.000191599 -0.000131459 
0 0 0 0 0 0 0 0 0 0 0 0 0 0 0 0 0 0 0 0 0 0 0 0 0 0 0 0 0 0 0 0 0 0 0 124.637 -37.4829 85.6381 0 0 0 0 0.00016485 0 0 0 0.000126818 0.000137265 0.000141869 0.000185237 
0 0 0.000205647 0 0 0 0 0 0 0 0 0 0 0 0 0 0 0 0 0 0 0 0 0 0 0 0 0 0 0 0 0 0 0 0 0 85.6381 44.9692 83.1472 0 0.00019485 -0.000187096 0 0 0 0 0 0.000243338 0 0 
0 0 0.000195098 0 0 0 0 0 0 0 0 0 0 0 0 0 0 0 0 0 0 0 0 0 0 0 0 0 0 0 0 0 0 0 0 0 0 83.1475 -52.1043 104.299 0 0 0 -0.000164578 -0.000118306 0 0.000103199 0 0 -0.000205962 
0 0 0.000377423 0 0 0 0 0 0 0 0 0 0 0 0 0 0 0 0 0 0 0 0 0 0 0 0 0 0 0 0 0 0 0 0 0 0 0 104.299 30.6973 50.3403 -0.000109385 0.000106959 0.000103312 0 0 0.000108885 0 -0.000116074 0 
0 0 -0.000302975 0 0 0 0 0 0 0 0 0 0 0 0 0 0 0 0 0 0 0 0 0 0 0 0 0 0 0 0 0 0 0 0 0 0 0 0 50.3404 -0.0309588 89.3499 0.000103224 0 0.000118739 0.000311161 -0.000178237 0 0 0 
0 0 0.000529386 0 0 0 0 0 0 0 0 0 0 0 0 0 0 0 0 0 0 0 0 0 0 0 0 0 0 0 0 0 0 0 0 0 0 0 0 0 89.3498 32.7344 63.811 0 0.000173466 0.000105306 0 0 0 0 
0 0 0 0 0 0 0 0 0 0 0 0 0 0 0 0 0 0 0 0 0 0 0 0 0 0 0 0 0 0 0 0 0 0 0 0 0 0 0 0 0 63.8109 -66.1033 71.4302 0 -0.000162916 -0.000140784 0 -0.000132944 0.00011817 
0 0 0.000386336 0 0 0 0 0 0 0 0 0 0 0 0 0 0 0 0 0 0 0 0 0 0 0 0 0 0 0 0 0 0 0 0 0 0 0 0 0 0 0 71.4301 -34.6368 55.8919 0 0 0.000293685 0 0 
0 0 0.00032862 0 0 0 0 0 0 0 0 0 0 0 0 0 0 0 0 0 0 0 0 0 0 0 0 0 0 0 0 0 0 0 0 0 0 0 0 0 0 0 0 55.892 -9.48751 57.1178 0 -0.000152658 -0.0001544 0 
0 0 -0.000199543 0 0 0 0 0 0 0 0 0 0 0 0 0 0 0 0 0 0 0 0 0 0 0 0 0 0 0 0 0 0 0 0 0 0 0 0 0 0 0 0 0 57.1178 14.8128 89.3466 0.000158435 0 0 
0 0 -0.000249618 0 0 0 0 0 0 0 0 0 0 0 0 0 0 0 0 0 0 0 0 0 0 0 0 0 0 0 0 0 0 0 0 0 0 0 0 0 0 0 0 0 0 89.3466 33.8182 49.5105 0.000134296 0.000149984 
0 0 -0.000158005 0 0 0 0 0 0 0 0 0 0 0 0 0 0 0 0 0 0 0 0 0 0 0 0 0 0 0 0 0 0 0 0 0 0 0 0 0 0 0 0 0 0 0 49.5107 -67.7284 87.1916 -0.00128672 
0 0 0 0 0 0 0 0 0 0 0 0 0 0 0 0 0 0 0 0 0 0 0 0 0 0 0 0 0 0 0 0 0 0 0 0 0 0 0 0 0 0 0 0 0 0 0 87.1914 -28.0544 -51.8863 
0 0 0.00039421 0 0 0 0 0 0 0 0 0 0 0 0 0 0 0 0 0 0 0 0 0 0 0 0 0 0 0 0 0 0 0 0 0 0 0 0 0 0 0 0 0 0 0 0 -0.00131252 -51.8864 3.25251 
