2528.29 81.2723 46.8535 14.5554 8.30736 39.0679 -1.5683 -27.1255 1.88124 15.6619 18.2437 71.9859 28.3316 47.3137 26.4856 74.5309 73.3382 6.85857 -20.4512 35.832 -2.81543 43.2544 34.8922 41.9581 19.7625 16.8682 -20.8382 -34.1701 1.06864 25.4557 -2.52858 -10.5411 -32.0606 -23.1146 -15.4832 -59.6608 -21.6114 15.1848 26.5356 29.8317 -23.3207 -36.6823 -19.0834 0.765133 35.7055 19.8372 -61.8941 -53.1651 24.5234 20.8709 
81.2723 -249.218 17.5859 18.8722 -5.34745 -5.34988 -4.17646 16.2216 5.64474 -7.23097 -7.05497 8.99636 -3.11885 -9.14338 9.90269 5.68092 18.2312 -18.1398 -4.58083 -3.61155 -11.8349 -11.9266 14.1085 24.8438 -9.59237 -10.7288 -4.38775 21.5201 3.55209 16.1189 -16.1884 -13.8806 15.63 0.392861 -14.8437 18.2482 -8.88882 -3.16043 12.1157 -0.683855 -13.1346 7.38043 -12.3592 9.86875 4.919 -4.03507 -15.4591 3.69223 4.01432 19.0289 
46.8535 17.5859 -260.328 -20.54 -6.10481 15.7748 25.0367 20.2018 4.32628 -27.088 14.1611 -32.729 -3.94979 6.15312 12.5132 26.9556 -2.9424 4.22365 2.56626 -5.25107 -10.7506 9.61886 -4.25102 -35.1438 25.3823 -14.5409 23.4878 -7.69059 -11.4259 -23.2274 12.405 0.98913 1.41605 -25.125 9.93936 -11.4687 -19.6947 15.7795 -8.82761 -14.7753 7.95946 -7.19017 10.1225 -36.2254 -8.48023 -22.2074 -3.12052 42.5775 -21.5563 2.991 
14.5554 18.8722 -20.54 275.119 -42.6794 -6.85382 5.05892 -10.6818 -23.739 41.9416 -0.42578 0.611123 22.5129 -9.88186 17.1624 -9.21668 11.4037 21.6092 -19.8389 -29.5847 6.62604 8.42373 -12.9976 16.6881 -2.68676 23.3591 -12.5357 16.2655 1.25702 -6.6821 -11.9015 -13.3255 21.1893 2.44576 22.7064 0.687746 0.501401 -2.6798 -29.6001 10.1863 6.541 -3.70502 -1.30441 7.89279 1.86203 22.2502 -9.05997 12.8131 32.1515 -3.25593 
8.30736 -5.34745 -6.10481 -42.6794 -228.574 -8.19011 -21.9357 10.6163 4.19787 -9.34167 -12.0452 -11.6022 -12.2871 0.845684 40.5051 22.6919 12.8973 36.8548 2.34359 6.26445 9.17706 17.4126 -9.0116 -0.914015 19.1879 27.2888 -21.1626 -5.33998 -6.11859 0.232631 32.5612 -10.6256 -28.0316 3.45066 22.4035 -6.76609 -30.6092 13.286 -27.0059 -8.89162 -8.52167 -3.79011 -8.98994 12.9712 -16.1588 -13.8937 15.4887 18.1066 23.2743 -0.70555 
39.0679 -5.34988 15.7748 -6.85382 -8.19011 -216.079 -14.2542 -13.6767 22.9741 14.8926 -5.90095 3.97219 10.3799 -27.9902 -6.52899 -36.7333 -12.669 -0.144328 -0.43903 -6.87685 35.0549 -5.26663 0.985861 1.78571 -16.0476 -2.30392 -2.65749 -2.91124 11.017 7.29917 -14.8573 14.3765 10.5001 6.58423 7.57709 18.3118 -18.6394 -5.68411 -1.34117 -0.135422 -11.0795 6.17778 -2.62011 -1.76047 -3.33889 17.3592 2.28568 8.31753 -10.5888 5.57931 
-1.5683 -4.17646 25.0367 5.05892 -21.9357 -14.2542 -234.741 -6.61849 -31.8388 18.7191 -8.91719 29.9995 11.5972 37.3896 9.61113 -6.28547 7.14227 -6.2868 -28.0176 38.3006 48.5334 14.2335 14.5176 5.46078 12.359 14.7865 -5.81068 -8.98347 -29.1159 -32.4219 -24.9569 14.4622 -5.1471 -32.3674 23.647 -6.399 -12.6866 -10.6014 -39.5964 3.13777 20.3837 0.0797645 -35.3002 -1.79098 -1.68655 0.505979 -7.61225 -3.74963 45.0175 -11.9947 
-27.1255 16.2216 20.2018 -10.6818 10.6163 -13.6767 -6.61849 -273.137 3.24553 4.55744 -13.8094 2.20983 15.0518 0.279178 4.17508 -20.9102 -4.71642 24.9418 2.40253 10.5178 -6.40398 5.22997 8.03488 -31.4085 19.4222 9.90791 4.96886 10.6979 -21.2685 0.397252 -6.51115 -6.11045 -11.5975 2.26477 9.14745 19.9327 4.93367 -12.2821 25.7119 14.7913 24.0579 1.9346 8.81802 6.15194 5.84423 4.25515 2.47921 1.89525 -7.25419 -25.23 
1.88124 5.64474 4.32628 -23.739 4.19787 22.9741 -31.8388 3.24553 280.278 -4.08605 5.27509 -13.286 -8.3411 34.3753 35.8643 12.0881 29.7374 -12.064 -14.2518 35.6514 -18.2021 19.4922 25.5909 -19.5857 -17.9117 -22.2692 -3.99827 -19.5513 -20.991 -33.9787 -6.10813 -8.23096 -16.7496 -11.1098 -6.19765 1.55932 3.24516 1.33432 -24.2907 18.3751 11.3695 1.29556 -0.419116 -18.147 -18.2704 -5.55991 3.66372 11.9616 -9.94386 3.48639 
15.6619 -7.23097 -27.088 41.9416 -9.34167 14.8926 18.7191 4.55744 -4.08605 262.865 16.7906 -29.6261 1.72862 -11.2494 -1.26687 3.79644 -16.618 21.6561 -12.05 0.054747 -6.91733 -14.0122 -21.5181 16.7151 5.15825 6.04361 8.61164 -20.5512 8.68384 5.22532 0.606545 -29.8565 -0.460308 -10.763 6.73845 -3.93213 -3.98194 -0.500558 -9.4578 3.01877 -21.1207 -16.898 12.5104 -8.39878 21.3981 -20.1623 0.294906 -0.178395 14.8068 1.79354 
18.2437 -7.05497 14.1611 -0.42578 -12.0452 -5.90095 -8.91719 -13.8094 5.27509 16.7906 -233.172 14.0704 -42.3404 -1.3322 -19.0128 18.9072 26.3228 -2.25861 -3.14154 -37.8939 -25.6619 0.886813 19.2799 9.22312 -42.3913 -4.39853 18.42 17.6627 31.2629 -8.48859 17.2044 10.5211 -0.778885 27.2867 -14.9416 17.2187 -16.2042 20.1039 21.8613 1.31367 -17.3532 16.8131 -28.0665 10.9067 -31.7728 33.1799 12.7569 -5.28959 3.83301 18.1889 
71.9859 8.99636 -32.729 0.611123 -11.6022 3.97219 29.9995 2.20983 -13.286 -29.6261 14.0704 235.391 -10.1954 3.56864 1.19886 18.3125 41.048 7.37323 3.39327 -3.76156 -13.4517 28.8111 -12.589 -13.8629 3.28984 14.7317 22.7674 -0.356279 -27.4257 -20.6889 -8.01301 38.664 -22.33 0.829458 4.75491 10.8734 -4.86605 1.69526 -16.1547 -13.9989 14.4273 21.439 -40.7761 -3.40102 -21.5717 12.1515 14.3956 -18.0565 7.63447 16.0805 
28.3316 -3.11885 -3.94979 22.5129 -12.2871 10.3799 11.5972 15.0518 -8.3411 1.72862 -42.3404 -10.1954 217.011 -2.83478 35.7511 -8.57976 -6.88206 5.43634 8.6332 10.1668 26.7366 10.2823 9.01441 -19.1757 -4.12149 3.54588 -12.9919 4.67229 10.5442 -6.98083 -33.9886 -9.34915 8.31775 3.80823 -5.89764 -13.0043 -1.05994 -11.9662 -3.25191 4.39458 4.16414 -24.2194 -0.874508 22.2281 -10.4118 11.2632 2.70201 -13.2343 -10.0672 24.867 
47.3137 -9.14338 6.15312 -9.88186 0.845684 -27.9902 37.3896 0.279178 34.3753 -11.2494 -1.3322 3.56864 -2.83478 199.01 -11.4136 -13.7811 21.4555 16.6721 14.4046 -14.5905 -24.3379 32.1056 -4.73659 11.8544 -16.8732 -18.8336 -11.1654 19.418 -3.33669 10.6259 -17.5658 -3.84273 23.7674 10.7955 -3.51432 2.88569 -8.43312 -13.1585 -8.87337 21.3024 -21.7093 -26.848 12.4214 6.67016 -20.778 5.53756 5.89833 -18.2069 -18.7043 22.37 
26.4856 9.90269 12.5132 17.1624 40.5051 -6.52899 9.61113 4.17508 35.8643 -1.26687 -19.0128 1.19886 35.7511 -11.4136 -200.663 -22.3549 -1.94523 15.7466 -6.41025 -26.6571 -15.6624 17.5807 -13.5886 11.452 -1.0866 18.4494 -4.15531 2.9323 7.59197 13.5327 -27.2746 7.97485 2.90655 15.3236 2.51079 25.0101 -13.1944 7.05685 7.6223 3.36265 -24.9131 -21.6242 -0.329185 5.89666 13.2669 9.65369 13.135 -32.9646 10.1698 3.76184 
74.5309 5.68092 26.9556 -9.21668 22.6919 -36.7333 -6.28547 -20.9102 12.0881 3.79644 18.9072 18.3125 -8.57976 -13.7811 -22.3549 196.471 31.4306 10.0425 9.50064 -9.86908 -2.27386 6.33024 14.0749 -23.2385 -18.9643 2.11456 -17.5777 -36.0236 15.6624 -23.5428 22.1023 -33.1764 -2.93392 -10.9695 -11.2723 -9.42643 22.2519 20.8795 16.6734 5.4847 -4.23974 -28.8293 -10.0236 17.7029 2.69126 10.3952 0.536844 19.9004 17.6051 3.40512 
73.3382 18.2312 -2.9424 11.4037 12.8973 -12.669 7.14227 -4.71642 29.7374 -16.618 26.3228 41.048 -6.88206 21.4555 -1.94523 31.4306 -172.406 -13.2792 -12.3417 6.32317 3.278 -25.6282 -12.1291 31.5673 7.69866 8.82744 15.8516 28.3561 6.74395 27.0635 44.032 22.5817 -20.6674 6.68338 8.11745 -8.30761 -13.4641 -4.84495 2.52187 -11.0383 28.3399 22.4565 3.78871 -3.11954 -13.7117 -24.222 -13.2036 2.37515 -9.07005 20.5424 
6.85857 -18.1398 4.22365 21.6092 36.8548 -0.144328 -6.2868 24.9418 -12.064 21.6561 -2.25861 7.37323 5.43634 16.6721 15.7466 10.0425 -13.2792 169.225 1.13774 -1.40503 -19.7125 14.9295 -24.7656 -9.27384 17.3519 32.5048 -7.25762 -1.14516 -3.91741 14.2427 27.4893 -7.27877 -15.5141 21.6138 -18.0995 -13.8261 -8.6981 18.5205 35.7181 19.5414 -9.24254 -29.9699 7.12306 34.9008 -5.21472 -10.4035 3.70755 -27.0927 -18.4421 -4.6302 
-20.4512 -4.58083 2.56626 -19.8389 2.34359 -0.43903 -28.0176 2.40253 -14.2518 -12.05 -3.14154 3.39327 8.6332 14.4046 -6.41025 9.50064 -12.3417 1.13774 -188.836 -0.514336 -7.49832 -22.6926 9.37841 4.48192 -14.5453 9.11724 -1.6239 -4.92949 4.6128 -15.9637 9.75183 -8.84798 4.20249 -15.0481 -1.14397 13.8677 32.8152 -3.42762 -18.0412 -17.1768 14.1725 7.61251 0.0884478 9.65302 22.8582 -18.6798 13.9635 5.88132 31.6955 -1.56902 
35.832 -3.61155 -5.25107 -29.5847 6.26445 -6.87685 38.3006 10.5178 35.6514 0.054747 -37.8939 -3.76156 10.1668 -14.5905 -26.6571 -9.86908 6.32317 -1.40503 -0.514336 224.271 17.0899 -13.544 19.4129 11.3814 22.6653 -11.9338 -12.6691 -18.8754 -10.579 19.4803 15.4055 4.6606 -1.75067 -12.5321 6.82164 -11.4836 8.82876 -15.7822 46.5044 23.6259 25.9671 9.98179 1.93021 -6.38127 6.28276 -24.6872 -24.285 4.92338 -19.7202 13.1527 
-2.81543 -11.8349 -10.7506 6.62604 9.17706 35.0549 48.5334 -6.40398 -18.2021 -6.91733 -25.6619 -13.4517 26.7366 -24.3379 -15.6624 -2.27386 3.278 -19.7125 -7.49832 17.0899 149.956 -3.69874 -13.9773 -13.9704 24.6735 35.2732 7.49545 10.1054 -2.2284 -0.565907 -12.1159 11.0244 -15.7079 -20.1301 2.99645 -5.88116 17.9431 9.11232 30.1148 -9.94789 22.793 -6.33403 -20.7952 7.93529 6.67327 6.32384 10.8934 -3.81735 -26.1776 3.38424 
43.2544 -11.9266 9.61886 8.42373 17.4126 -5.26663 14.2335 5.22997 19.4922 -14.0122 0.886813 28.8111 10.2823 32.1056 17.5807 6.33024 -25.6282 14.9295 -22.6926 -13.544 -3.69874 -142.63 11.083 1.89961 -19.5067 -9.56079 26.9782 -20.9663 18.5809 1.50084 11.0818 12.4795 3.35282 14.3112 -8.65171 10.0706 17.5433 15.5254 13.9997 -15.254 5.88258 3.56063 -13.568 21.321 3.95939 -34.3423 -7.72643 10.0675 27.0398 -1.96859 
34.8922 14.1085 -4.25102 -12.9976 -9.0116 0.985861 14.5176 8.03488 25.5909 -21.5181 19.2799 -12.589 9.01441 -4.73659 -13.5886 14.0749 -12.1291 -24.7656 9.37841 19.4129 -13.9773 11.083 -201.364 31.5919 21.1082 19.87 -5.02777 5.95555 11.9575 21.2029 -1.68667 -19.2028 -9.71514 2.43047 -6.86955 -4.17706 -10.4904 15.8588 31.7733 16.5247 -41.9911 2.47629 -2.78238 23.0318 -0.789518 1.2831 0.0283181 -25.7667 -5.09749 18.7085 
41.9581 24.8438 -35.1438 16.6881 -0.914015 1.78571 5.46078 -31.4085 -19.5857 16.7151 9.22312 -13.8629 -19.1757 11.8544 11.452 -23.2385 31.5673 -9.27384 4.48192 11.3814 -13.9704 1.89961 31.5919 -163.577 6.20902 1.72274 -5.13928 -8.14424 -9.37347 -21.3894 -21.7121 3.28643 1.42965 -11.6495 -13.3914 -7.74038 27.843 5.05101 16.8947 16.3434 17.3797 -25.2516 -1.64656 -7.62753 6.72869 4.34128 1.97654 2.14373 -15.73 0.158802 
19.7625 -9.59237 25.3823 -2.68676 19.1879 -16.0476 12.359 19.4222 -17.9117 5.15825 -42.3913 3.28984 -4.12149 -16.8732 -1.0866 -18.9643 7.69866 17.3519 -14.5453 22.6653 24.6735 -19.5067 21.1082 6.20902 -169.382 -26.0315 -8.54186 -21.4246 38.427 -16.3578 -2.42035 12.1071 7.84855 11.2327 -26.1018 -51.1927 2.38035 6.13355 -17.2583 -9.701 -25.5442 -24.6888 -28.4057 13.6867 -19.5117 19.3162 1.36273 4.20516 17.1368 16.0148 
16.8682 -10.7288 -14.5409 23.3591 27.2888 -2.30392 14.7865 9.90791 -22.2692 6.04361 -4.39853 14.7317 3.54588 -18.8336 18.4494 2.11456 8.82744 32.5048 9.11724 -11.9338 35.2732 -9.56079 19.87 1.72274 -26.0315 162.243 -3.87274 -1.04965 -12.374 -7.22202 -19.3406 -5.02916 -12.8067 -12.2282 -15.569 16.2906 12.2148 15.5461 16.8966 2.37757 -25.5546 -21.1253 -5.50218 -1.16489 14.0611 19.1641 -0.538071 -2.95357 -36.7829 -0.313599 
-20.8382 -4.38775 23.4878 -12.5357 -21.1626 -2.65749 -5.81068 4.96886 -3.99827 8.61164 18.42 22.7674 -12.9919 -11.1654 -4.15531 -17.5777 15.8516 -7.25762 -1.6239 -12.6691 7.49545 26.9782 -5.02777 -5.13928 -8.54186 -3.87274 127.739 14.6708 -21.9691 -5.09336 -27.3682 4.9572 -12.5846 -11.375 -3.23724 27.2151 1.34127 2.29623 3.36877 -3.50757 -11.8756 -1.04492 9.44904 -2.1474 17.7008 -1.8264 31.4913 -7.09112 -12.4247 16.2266 
-34.1701 21.5201 -7.69059 16.2655 -5.33998 -2.91124 -8.98347 10.6979 -19.5513 -20.5512 17.6627 -0.356279 4.67229 19.418 2.9323 -36.0236 28.3561 -1.14516 -4.92949 -18.8754 10.1054 -20.9663 5.95555 -8.14424 -21.4246 -1.04965 14.6708 -131.014 21.4471 -4.01923 -5.37926 -21.2172 -3.85065 -14.4371 -10.9477 -14.8807 3.33572 7.18404 -2.46952 -2.82599 -39.3431 -5.86133 -8.74982 -10.3861 1.64355 21.5872 7.80926 7.57684 -4.61744 -7.65107 
1.06864 3.55209 -11.4259 1.25702 -6.11859 11.017 -29.1159 -21.2685 -20.991 8.68384 31.2629 -27.4257 10.5442 -3.33669 7.59197 15.6624 6.74395 -3.91741 4.6128 -10.579 -2.2284 18.5809 11.9575 -9.37347 38.427 -12.374 -21.9691 21.4471 166.667 0.555426 1.71791 -1.71214 9.94658 18.1031 -17.7263 -33.5202 3.01784 2.26144 -20.1308 10.1295 14.4892 -7.91692 -1.8801 9.94614 -23.4604 9.31482 -8.81016 0.985143 -1.54898 -11.833 
25.4557 16.1189 -23.2274 -6.6821 0.232631 7.29917 -32.4219 0.397252 -33.9787 5.22532 -8.48859 -20.6889 -6.98083 10.6259 13.5327 -23.5428 27.0635 14.2427 -15.9637 19.4803 -0.565907 1.50084 21.2029 -21.3894 -16.3578 -7.22202 -5.09336 -4.01923 0.555426 118.511 16.6641 18.6517 12.1375 8.50012 17.2109 9.9105 -26.5094 -19.2612 13.3361 12.3391 -0.0694141 35.3573 26.2378 -22.8247 -2.56316 -13.6267 -2.86825 18.1997 12.4692 -20.8278 
-2.52858 -16.1884 12.405 -11.9015 32.5612 -14.8573 -24.9569 -6.51115 -6.10813 0.606545 17.2044 -8.01301 -33.9886 -17.5658 -27.2746 22.1023 44.032 27.4893 9.75183 15.4055 -12.1159 11.0818 -1.68667 -21.7121 -2.42035 -19.3406 -27.3682 -5.37926 1.71791 16.6641 -141.291 21.2435 -17.8268 7.94736 -8.2783 12.7587 -16.0067 12.5827 -7.36128 -11.0076 -12.0136 -7.33108 -9.52984 0.886139 16.6907 4.24469 17.7503 -8.57212 -12.4995 2.95664 
-10.5411 -13.8806 0.98913 -13.3255 -10.6256 14.3765 14.4622 -6.11045 -8.23096 -29.8565 10.5211 38.664 -9.34915 -3.84273 7.97485 -33.1764 22.5817 -7.27877 -8.84798 4.6606 11.0244 12.4795 -19.2028 3.28643 12.1071 -5.02916 4.9572 -21.2172 -1.71214 18.6517 21.2435 -166.55 3.77579 -18.7505 5.06027 5.73976 3.09901 5.51942 20.7378 14.4312 -11.4252 -13.2538 1.37165 11.2231 6.19336 -11.6182 23.9236 -9.13455 -12.7772 -5.65507 
-32.0606 15.63 1.41605 21.1893 -28.0316 10.5001 -5.1471 -11.5975 -16.7496 -0.460308 -0.778885 -22.33 8.31775 23.7674 2.90655 -2.93392 -20.6674 -15.5141 4.20249 -1.75067 -15.7079 3.35282 -9.71514 1.42965 7.84855 -12.8067 -12.5846 -3.85065 9.94658 12.1375 -17.8268 3.77579 -67.7255 -23.6987 -0.419221 -0.646211 -7.38547 -9.46506 25.7813 11.1554 0.19194 -0.727661 -6.12232 -3.48611 3.60243 -16.0982 -2.77713 -10.3319 -37.9398 23.7085 
-23.1146 0.392861 -25.125 2.44576 3.45066 6.58423 -32.3674 2.26477 -11.1098 -10.763 27.2867 0.829458 3.80823 10.7955 15.3236 -10.9695 6.68338 21.6138 -15.0481 -12.5321 -20.1301 14.3112 2.43047 -11.6495 11.2327 -12.2282 -11.375 -14.4371 18.1031 8.50012 7.94736 -18.7505 -23.6987 -80.8766 -19.5622 5.14532 -6.91611 -18.4301 4.99565 -29.3357 -35.1936 1.02184 -29.9426 5.57327 -4.44577 3.67315 -29.8855 16.2598 -3.50924 29.5733 
-15.4832 -14.8437 9.93936 22.7064 22.4035 7.57709 23.647 9.14745 -6.19765 6.73845 -14.9416 4.75491 -5.89764 -3.51432 2.51079 -11.2723 8.11745 -18.0995 -1.14397 6.82164 2.99645 -8.65171 -6.86955 -13.3914 -26.1018 -15.569 -3.23724 -10.9477 -17.7263 17.2109 -8.2783 5.06027 -0.419221 -19.5622 129.697 17.5044 -16.8791 -21.5321 -17.0877 -7.6818 -27.5869 16.039 -3.60015 -11.4225 24.7474 -7.76557 21.8756 -6.28526 25.3738 -5.79113 
-59.6608 18.2482 -11.4687 0.687746 -6.76609 18.3118 -6.399 19.9327 1.55932 -3.93213 17.2187 10.8734 -13.0043 2.88569 25.0101 -9.42643 -8.30761 -13.8261 13.8677 -11.4836 -5.88116 10.0706 -4.17706 -7.74038 -51.1927 16.2906 27.2151 -14.8807 -33.5202 9.9105 12.7587 5.73976 -0.646211 5.14532 17.5044 -75.257 0.182872 17.2811 20.6062 -0.10718 15.7536 -4.5938 -22.2137 10.5675 -10.2769 -3.88522 -13.9856 8.86224 -14.6569 5.91834 
-21.6114 -8.88882 -19.6947 0.501401 -30.6092 -18.6394 -12.6866 4.93367 3.24516 -3.98194 -16.2042 -4.86605 -1.05994 -8.43312 -13.1944 22.2519 -13.4641 -8.6981 32.8152 8.82876 17.9431 17.5433 -10.4904 27.843 2.38035 12.2148 1.34127 3.33572 3.01784 -26.5094 -16.0067 3.09901 -7.38547 -6.91611 -16.8791 0.182872 -52.452 -10.1816 0.734208 -7.32806 -5.41612 0.989521 6.2852 -11.2646 4.23778 -3.86719 -6.88733 12.3067 -8.3681 -1.83959 
15.1848 -3.16043 15.7795 -2.6798 13.286 -5.68411 -10.6014 -12.2821 1.33432 -0.500558 20.1039 1.69526 -11.9662 -13.1585 7.05685 20.8795 -4.84495 18.5205 -3.42762 -15.7822 9.11232 15.5254 15.8588 5.05101 6.13355 15.5461 2.29623 7.18404 2.26144 -19.2612 12.5827 5.51942 -9.46506 -18.4301 -21.5321 17.2811 -10.1816 -20.0553 -4.6457 8.3894 -8.39188 21.251 24.1058 -11.2788 -9.92699 -3.74581 -1.01495 -0.522843 -9.46843 0.285756 
26.5356 12.1157 -8.82761 -29.6001 -27.0059 -1.34117 -39.5964 25.7119 -24.2907 -9.4578 21.8613 -16.1547 -3.25191 -8.87337 7.6223 16.6734 2.52187 35.7181 -18.0412 46.5044 30.1148 13.9997 31.7733 16.8947 -17.2583 16.8966 3.36877 -2.46952 -20.1308 13.3361 -7.36128 20.7378 25.7813 4.99565 -17.0877 20.6062 0.734208 -4.6457 139.524 8.04641 10.8747 3.9302 1.56715 -2.78046 -2.86685 -2.61869 -8.75909 -12.3182 -12.3828 6.18808 
29.8317 -0.683855 -14.7753 10.1863 -8.89162 -0.135422 3.13777 14.7913 18.3751 3.01877 1.31367 -13.9989 4.39458 21.3024 3.36265 5.4847 -11.0383 19.5414 -17.1768 23.6259 -9.94789 -15.254 16.5247 16.3434 -9.701 2.37757 -3.50757 -2.82599 10.1295 12.3391 -11.0076 14.4312 11.1554 -29.3357 -7.6818 -0.10718 -7.32806 8.3894 8.04641 -6.934 -1.38046 -7.91495 17.9437 -26.7731 8.57627 10.4452 -17.6293 35.3669 -10.8532 -23.6801 
-23.3207 -13.1346 7.95946 6.541 -8.52167 -11.0795 20.3837 24.0579 11.3695 -21.1207 -17.3532 14.4273 4.16414 -21.7093 -24.9131 -4.23974 28.3399 -9.24254 14.1725 25.9671 22.793 5.88258 -41.9911 17.3797 -25.5442 -25.5546 -11.8756 -39.3431 14.4892 -0.0694141 -12.0136 -11.4252 0.19194 -35.1936 -27.5869 15.7536 -5.41612 -8.39188 10.8747 -1.38046 109.029 19.2146 0.0200983 -8.61749 -19.3481 2.03513 -22.496 9.26054 -9.41724 10.3733 
-36.6823 7.38043 -7.19017 -3.70502 -3.79011 6.17778 0.0797645 1.9346 1.29556 -16.898 16.8131 21.439 -24.2194 -26.848 -21.6242 -28.8293 22.4565 -29.9699 7.61251 9.98179 -6.33403 3.56063 2.47629 -25.2516 -24.6888 -21.1253 -1.04492 -5.86133 -7.91692 35.3573 -7.33108 -13.2538 -0.727661 1.02184 16.039 -4.5938 0.989521 21.251 3.9302 -7.91495 19.2146 -80.0713 3.05102 2.68269 2.13641 -2.0874 6.70389 -1.12911 3.35597 1.94173 
-19.0834 -12.3592 10.1225 -1.30441 -8.98994 -2.62011 -35.3002 8.81802 -0.419116 12.5104 -28.0665 -40.7761 -0.874508 12.4214 -0.329185 -10.0236 3.78871 7.12306 0.0884478 1.93021 -20.7952 -13.568 -2.78238 -1.64656 -28.4057 -5.50218 9.44904 -8.74982 -1.8801 26.2378 -9.52984 1.37165 -6.12232 -29.9426 -3.60015 -22.2137 6.2852 24.1058 1.56715 17.9437 0.0200983 3.05102 49.1662 19.5845 -1.48262 -1.92653 14.8048 -13.6608 10.6939 17.0788 
0.765133 9.86875 -36.2254 7.89279 12.9712 -1.76047 -1.79098 6.15194 -18.147 -8.39878 10.9067 -3.40102 22.2281 6.67016 5.89666 17.7029 -3.11954 34.9008 9.65302 -6.38127 7.93529 21.321 23.0318 -7.62753 13.6867 -1.16489 -2.1474 -10.3861 9.94614 -22.8247 0.886139 11.2231 -3.48611 5.57327 -11.4225 10.5675 -11.2646 -11.2788 -2.78046 -26.7731 -8.61749 2.68269 19.5845 72.2033 6.25985 -1.33685 13.0679 -13.4394 7.91068 -2.90428 
35.7055 4.919 -8.48023 1.86203 -16.1588 -3.33889 -1.68655 5.84423 -18.2704 21.3981 -31.7728 -21.5717 -10.4118 -20.778 13.2669 2.69126 -13.7117 -5.21472 22.8582 6.28276 6.67327 3.95939 -0.789518 6.72869 -19.5117 14.0611 17.7008 1.64355 -23.4604 -2.56316 16.6907 6.19336 3.60243 -4.44577 24.7474 -10.2769 4.23778 -9.92699 -2.86685 8.57627 -19.3481 2.13641 -1.48262 6.25985 76.6606 -4.86015 15.971 -1.80251 -2.44213 0.678297 
19.8372 -4.03507 -22.2074 22.2502 -13.8937 17.3592 0.505979 4.25515 -5.55991 -20.1623 33.1799 12.1515 11.2632 5.53756 9.65369 10.3952 -24.222 -10.4035 -18.6798 -24.6872 6.32384 -34.3423 1.2831 4.34128 19.3162 19.1641 -1.8264 21.5872 9.31482 -13.6267 4.24469 -11.6182 -16.0982 3.67315 -7.76557 -3.88522 -3.86719 -3.74581 -2.61869 10.4452 2.03513 -2.0874 -1.92653 -1.33685 -4.86015 -44.6124 0.992458 -0.250184 -0.184128 0.0496453 
-61.8941 -15.4591 -3.12052 -9.05997 15.4887 2.28568 -7.61225 2.47921 3.66372 0.294906 12.7569 14.3956 2.70201 5.89833 13.135 0.536844 -13.2036 3.70755 13.9635 -24.285 10.8934 -7.72643 0.0283181 1.97654 1.36273 -0.538071 31.4913 7.80926 -8.81016 -2.86825 17.7503 23.9236 -2.77713 -29.8855 21.8756 -13.9856 -6.88733 -1.01495 -8.75909 -17.6293 -22.496 6.70389 14.8048 13.0679 15.971 0.992458 -42.847 3.69474 -0.496846 -0.678645 
-53.1651 3.69223 42.5775 12.8131 18.1066 8.31753 -3.74963 1.89525 11.9616 -0.178395 -5.28959 -18.0565 -13.2343 -18.2069 -32.9646 19.9004 2.37515 -27.0927 5.88132 4.92338 -3.81735 10.0675 -25.7667 2.14373 4.20516 -2.95357 -7.09112 7.57684 0.985143 18.1997 -8.57212 -9.13455 -10.3319 16.2598 -6.28526 8.86224 12.3067 -0.522843 -12.3182 35.3669 9.26054 -1.12911 -13.6608 -13.4394 -1.80251 -0.250184 3.69474 87.0883 0.341538 0.0259216 
24.5234 4.01432 -21.5563 32.1515 23.2743 -10.5888 45.0175 -7.25419 -9.94386 14.8068 3.83301 7.63447 -10.0672 -18.7043 10.1698 17.6051 -9.07005 -18.4421 31.6955 -19.7202 -26.1776 27.0398 -5.09749 -15.73 17.1368 -36.7829 -12.4247 -4.61744 -1.54898 12.4692 -12.4995 -12.7772 -37.9398 -3.50924 25.3738 -14.6569 -8.3681 -9.46843 -12.3828 -10.8532 -9.41724 3.35597 10.6939 7.91068 -2.44213 -0.184128 -0.496846 0.341538 4.07007 0 
20.8709 19.0289 2.991 -3.25593 -0.70555 5.57931 -11.9947 -25.23 3.48639 1.79354 18.1889 16.0805 24.867 22.37 3.76184 3.40512 20.5424 -4.6302 -1.56902 13.1527 3.38424 -1.96859 18.7085 0.158802 16.0148 -0.313599 16.2266 -7.65107 -11.833 -20.8278 2.95664 -5.65507 23.7085 29.5733 -5.79113 5.91834 -1.83959 0.285756 6.18808 -23.6801 10.3733 1.94173 17.0788 -2.90428 0.678297 0.0496453 -0.678645 0.0259216 0 30.3107 
