2528.29 81.2723 40.9996 71.6486 57.2402 94.4931 33.0833 -25.9332 -53.2949 54.0717 -17.7409 59.3593 31.127 56.2856 72.2643 34.553 26.2038 -24.8448 -4.99634 36.1016 18.2292 36.0835 -11.4435 58.2998 -12.0181 -2.90314 24.3259 31.3252 28.7845 -24.26 8.18855 9.90971 3.98296 3.48901 -9.8127 6.76412 -3.36789 -1.94794 9.72241 22.8042 24.1227 -7.83364 2.83955 -1.08079 -14.8023 1.42185 -8.38157 -2.71087 -16.6484 4.99991 
81.2723 -249.218 12.486 6.6963 12.7551 -4.85721 19.5171 23.3396 37.6103 6.65147 -2.74008 22.3003 19.1556 7.46711 12.2974 5.09677 12.0466 13.6621 0.525129 -6.73952 -10.2121 5.84885 7.06595 23.3812 -1.64484 -20.9044 -15.0448 -6.28589 6.86214 20.9736 3.3434 -3.59773 -6.35195 3.25754 -6.85125 0.903359 6.69202 -2.38971 -2.00131 -10.0157 7.52551 -12.9382 7.15897 -4.15574 -6.53489 0.277632 -4.68688 1.8861 3.88916 0 
40.9996 12.486 -182.05 -30.4084 13.1055 63.6447 -31.9767 7.40775 5.63853 -22.2263 10.4615 -28.6098 -11.9732 5.38517 -51.3217 23.0527 -20.9213 -7.15507 -11.7195 3.51429 -26.5028 1.22166 -3.66784 -11.0632 0.474756 11.812 -9.89596 0 -44.322 -6.73833 -13.5067 -23.0135 -20.8725 -15.6977 -16.4863 28.4473 -2.56534 37.0679 69.4665 -25.7539 -10.1722 38.8646 21.5207 -1.81367 36.5439 0.655235 -4.49252 -10.3289 15.8903 -10.1198 
71.6486 6.6963 -30.4084 64.877 -46.0748 -2.83247 -11.936 -13.6083 28.5046 26.0824 -35.2524 13.1098 -12.9299 10.1451 -16.9672 20.0112 33.4241 38.4878 -10.8545 -11.7894 30.2478 -27.0777 30.754 -13.4962 -33.1901 19.793 -26.5531 -1.29595 24.0953 22.3959 16.5965 54.2779 -5.96185 11.7632 -3.82229 -11.6126 -37.1517 5.01152 23.8089 -16.5435 42.2642 -52.169 33.7594 0.975699 -13.8917 38.2265 -52.0255 1.1455 8.15392 21.037 
57.2402 12.7551 13.1055 -46.0748 -24.8143 5.24442 -9.09985 -39.3432 -11.2083 16.8008 46.7524 -21.2216 -14.0401 12.1023 -20.1226 3.48796 -24.4078 12.7559 -35.9215 7.08869 13.8075 47.2325 1.70823 9.2024 -22.125 50.9377 -5.89585 29.7037 5.49693 38.9776 50.3709 53.3553 37.3666 -22.7313 -7.74357 39.4403 -38.6247 -12.7371 27.4663 45.7357 23.1269 33.2508 -2.1862 39.069 25.3374 -48.3898 -9.18155 -25.1947 20.32 -50.5938 
94.4931 -4.85721 63.6447 -2.83247 5.24442 16.1609 -6.89546 42.5794 15.4852 9.40355 28.7047 28.7945 -59.5616 -24.8887 -27.6214 -6.13956 -33.7481 26.6956 -4.52485 28.1534 -23.8452 -14.4108 4.06883 32.2552 -1.85283 -21.6023 44.6938 -27.8055 -25.0285 17.2546 4.08773 23.2124 -2.48649 22.8573 -5.10508 -44.751 12.1434 -19.9145 48.8045 53.3266 10.9888 23.9069 45.7035 48.9228 -21.9697 41.5749 -18.0435 19.0044 72.2621 17.3172 
33.0833 19.5171 -31.9767 -11.936 -9.09985 -6.89546 -0.492529 33.3766 -7.85021 45.227 10.7652 28.5346 5.25164 -56.3677 24.3259 29.7747 23.3689 -45.8176 -1.6193 38.9284 -3.98 0.00533056 -10.8186 33.1124 -20.2923 -33.8039 -43.3885 0.74995 -28.6985 14.653 -37.1645 -2.50552 -27.1897 -16.6358 -3.32252 -17.4925 -45.6098 -5.07565 -22.7316 -15.6326 13.9082 -43.8146 -47.4517 -26.4958 -10.3977 -25.2143 -3.11528 -9.9562 43.3493 -43.1455 
-25.9332 23.3396 7.40775 -13.6083 -39.3432 42.5794 33.3766 -77.9903 7.37863 -43.7758 -0.0497961 30.8416 -51.2584 4.96452 -6.80653 38.9413 17.8805 -22.1498 -20.3902 -37.6696 -18.2154 12.9527 53.0089 38.8067 -6.7019 36.7247 41.3854 13.8615 11.3039 -30.2843 -37.5143 48.0966 -18.2808 30.5982 -11.2923 -21.8711 37.4516 -49.6384 23.3989 36.5183 -37.5517 34.3227 -30.3058 30.3286 -46.3962 -12.136 -12.7494 32.0234 35.6207 -55.0234 
-53.2949 37.6103 5.63853 28.5046 -11.2083 15.4852 -7.85021 7.37863 69.756 12.8787 30.3276 24.0945 -7.3791 11.9113 13.6146 22.6186 8.46235 -3.75062 37.848 -51.2838 -21.55 13.4852 -37.7346 -34.7387 18.2075 -6.61507 -35.1085 -17.7007 -10.6415 -63.3647 -47.7437 -9.81197 32.5526 -40.3653 8.76904 13.7541 -32.1475 20.5279 -23.1244 -38.7629 17.5006 23.038 6.04503 -38.4956 6.31969 3.60518 -24.4217 4.44807 -21.2022 7.32862 
54.0717 6.65147 -22.2263 26.0824 16.8008 9.40355 45.227 -43.7758 12.8787 54.3427 -6.56925 13.3693 -8.56621 27.0456 -10.7915 -42.5225 -14.3104 24.6027 35.124 -4.24474 54.9261 -68.7778 -30.4313 27.4983 47.273 -9.579 43.9364 36.42 -43.3851 -13.101 41.6905 9.73394 37.4759 -6.34365 -27.4396 -20.56 14.1272 -43.0346 -30.0566 -0.0885848 -48.2056 -32.959 -11.9413 12.245 -18.4503 4.17843 -50.6371 56.7239 36.2646 47.3367 
-17.7409 -2.74008 10.4615 -35.2524 46.7524 28.7047 10.7652 -0.0497961 30.3276 -6.56925 -5.61982 -12.6753 -41.4436 -10.0004 -32.6422 -11.9986 11.6504 -27.7394 -10.4634 20.9306 13.5544 -12.6048 12.7395 2.91191 43.4279 -26.6057 -17.0668 -49.1215 -12.6703 7.62968 25.2814 59.2484 -18.6452 -8.07971 0.350359 21.4389 -44.3259 -20.0832 -3.21373 12.1105 40.0698 -2.19614 52.1997 45.644 43.1136 -3.84945 21.2131 -3.39478 32.9639 26.7743 
59.3593 22.3003 -28.6098 13.1098 -21.2216 28.7945 28.5346 30.8416 24.0945 13.3693 -12.6753 40.0614 2.63749 14.4894 -3.79472 -11.0203 33.263 10.5819 24.1376 -7.63488 -16.0175 8.26435 5.83423 -33.3284 51.2105 -3.11697 52.0408 22.7324 10.6692 -10.7893 44.9937 -43.6161 14.4452 2.50355 -45.5951 2.02619 -41.5717 44.5846 6.337 39.6395 -51.9461 34.8996 1.88352 54.5179 -40.3832 24.8683 30.7965 5.9352 -8.58152 27.6096 
31.127 19.1556 -11.9732 -12.9299 -14.0401 -59.5616 5.25164 -51.2584 -7.3791 -8.56621 -41.4436 2.63749 12.0088 26.8595 17.1774 52.7295 -10.3536 41.3306 8.001 -8.71246 -25.9169 41.9289 -25.6175 13.1837 -36.1523 45.0086 -28.7755 26.7769 -33.6508 19.1162 41.4453 24.7881 4.89773 -8.93247 -22.7675 -26.5704 41.1122 34.7753 -26.2375 21.8645 11.5622 19.8263 10.553 -28.7638 -54.5132 16.2272 15.722 2.05176 -54.6305 2.89263 
56.2856 7.46711 5.38517 10.1451 12.1023 -24.8887 -56.3677 4.96452 11.9113 27.0456 -10.0004 14.4894 26.8595 -12.7925 -13.206 20.7374 15.4751 -8.99943 0.153559 16.3242 2.10869 24.9846 57.3989 -27.8207 23.6175 -14.8642 -17.3563 17.5932 -1.90078 -53.4242 6.96222 -26.1623 -26.525 -17.2818 46.1561 24.749 -13.6346 -11.2923 -2.22208 42.0446 -2.32634 -14.7803 38.5572 -17.2093 -18.6873 11.3483 28.4943 -20.0525 29.6146 20.4286 
72.2643 12.2974 -51.3217 -16.9672 -20.1226 -27.6214 24.3259 -6.80653 13.6146 -10.7915 -32.6422 -3.79472 17.1774 -13.206 23.1932 5.51353 17.4478 26.0777 42.0285 42.9928 52.1879 -12.2453 -11.5326 -8.13159 11.4197 23.9966 52.3716 -13.9824 5.55607 -17.4179 -28.3642 -13.3866 -3.51026 9.12878 -14.148 44.3907 -15.505 34.2987 -30.4678 -32.678 -43.8321 -18.6009 -1.42773 58.9495 -45.9963 -4.33466 38.879 -15.2596 -32.8074 18.3684 
34.553 5.09677 23.0527 20.0112 3.48796 -6.13956 29.7747 38.9413 22.6186 -42.5225 -11.9986 -11.0203 52.7295 20.7374 5.51353 39.4996 -28.1789 30.8561 34.7449 43.5505 0.227196 -42.4219 35.6582 45.4546 -36.2935 17.3354 21.1475 2.33383 57.2458 -26.5185 -16.7661 12.0895 2.22601 9.40397 -26.0478 -49.9657 18.8073 -1.91517 -13.2471 -28.3153 -46.2114 -19.1836 46.4471 35.2396 13.2457 -26.5208 56.2741 39.4702 39.8488 -34.1998 
26.2038 12.0466 -20.9213 33.4241 -24.4078 -33.7481 23.3689 17.8805 8.46235 -14.3104 11.6504 33.263 -10.3536 15.4751 17.4478 -28.1789 -30.7937 39.0312 -22.3583 46.3811 -24.4763 -28.344 6.26657 21.1004 -22.9166 49.5295 11.2472 3.84754 -34.4529 6.94705 -36.3077 -55.8785 51.5973 11.2525 9.71375 1.8375 35.9575 -1.79536 11.2543 -19.6023 36.456 0.24412 27.1184 -23.3747 -21.5865 46.0508 -3.32143 11.1546 15.8289 -39.4671 
-24.8448 13.6621 -7.15507 38.4878 12.7559 26.6956 -45.8176 -22.1498 -3.75062 24.6027 -27.7394 10.5819 41.3306 -8.99943 26.0777 30.8561 39.0312 -28.7361 34.5255 -32.1082 -15.4423 -27.4467 -60.6439 5.34132 5.4869 26.1304 -19.3015 -13.7735 -57.7393 0.111147 14.7197 -25.3025 37.2499 17.7687 14.3925 -57.5223 -3.15442 -8.71435 48.5968 13.6186 -46.2456 62.6434 -12.3987 37.8756 -16.0386 -4.95072 -33.4526 28.0025 -29.2667 4.88922 
-4.99634 0.525129 -11.7195 -10.8545 -35.9215 -4.52485 -1.6193 -20.3902 37.848 35.124 -10.4634 24.1376 8.001 0.153559 42.0285 34.7449 -22.3583 34.5255 19.7453 47.7421 34.3538 4.70211 -0.637432 -20.7969 0.291063 8.80528 -41.0716 -47.1438 -13.0174 -23.3043 42.2134 24.1374 -25.2132 1.19952 25.6739 3.29701 -31.9676 -8.68896 -5.37128 29.3914 11.1868 41.42 -13.0387 -0.0493526 -9.44911 -1.80867 -16.2054 32.1205 -46.1611 -7.21039 
36.1016 -6.73952 3.51429 -11.7894 7.08869 28.1534 38.9284 -37.6696 -51.2838 -4.24474 20.9306 -7.63488 -8.71246 16.3242 42.9928 43.5505 46.3811 -32.1082 47.7421 -10.7587 14.0432 -10.303 14.3189 -14.4557 -9.06355 -41.8689 1.20049 11.4947 49.1525 32.5426 -5.73397 30.062 22.0304 -6.23984 5.88645 25.5819 -10.1138 23.2442 -0.845291 -23.174 18.3229 -18.6173 28.6684 -23.39 -21.4066 10.0116 25.586 7.06432 25.6083 17.2116 
18.2292 -10.2121 -26.5028 30.2478 13.8075 -23.8452 -3.98 -18.2154 -21.55 54.9261 13.5544 -16.0175 -25.9169 2.10869 52.1879 0.227196 -24.4763 -15.4423 34.3538 14.0432 40.4267 -19.1955 -47.7384 -26.1873 16.4812 -10.1266 -30.0139 24.5286 -9.57256 -35.6406 58.5741 -21.3329 45.394 -32.03 -3.78872 58.7193 57.0289 47.4717 70.6545 -29.7592 12.542 29.651 56.1804 14.1359 -36.0665 -34.0096 -24.2157 -11.222 -34.7736 -8.77713 
36.0835 5.84885 1.22166 -27.0777 47.2325 -14.4108 0.00533056 12.9527 13.4852 -68.7778 -12.6048 8.26435 41.9289 24.9846 -12.2453 -42.4219 -28.344 -27.4467 4.70211 -10.303 -19.1955 -29.0271 6.77365 -38.7018 11.7386 30.8643 -40.9386 1.4598 33.5063 -30.9576 17.1448 -3.01565 -19.0456 16.887 -24.2252 -27.1905 -27.7368 57.466 51.9391 7.50108 20.9163 48.8657 25.6326 -12.2052 -7.20834 -30.7056 15.6298 46.9091 32.8772 16.6944 
-11.4435 7.06595 -3.66784 30.754 1.70823 4.06883 -10.8186 53.0089 -37.7346 -30.4313 12.7395 5.83423 -25.6175 57.3989 -11.5326 35.6582 6.26657 -60.6439 -0.637432 14.3189 -47.7384 6.77365 -32.9294 -19.8792 -19.5465 29.3141 39.4974 18.1174 -28.7623 50.8941 -28.5709 -43.0924 -17.6661 42.6123 1.97788 21.243 -18.7586 -36.8371 -3.09245 -41.5891 -38.3939 -15.3069 -52.5574 45.686 32.4333 11.4955 46.712 48.9004 4.98217 -6.19982 
58.2998 23.3812 -11.0632 -13.4962 9.2024 32.2552 33.1124 38.8067 -34.7387 27.4983 2.91191 -33.3284 13.1837 -27.8207 -8.13159 45.4546 21.1004 5.34132 -20.7969 -14.4557 -26.1873 -38.7018 -19.8792 50.7654 -31.0426 36.677 -5.01249 39.7871 -15.4715 21.089 17.6662 15.4462 34.3642 -27.8807 43.2454 35.1479 46.3366 -13.7496 42.7309 34.077 -24.465 21.5629 -26.6931 -22.3078 36.6005 -20.0645 -21.9282 -2.24665 -30.5509 39.4074 
-12.0181 -1.64484 0.474756 -33.1901 -22.125 -1.85283 -20.2923 -6.7019 18.2075 47.273 43.4279 51.2105 -36.1523 23.6175 11.4197 -36.2935 -22.9166 5.4869 0.291063 -9.06355 16.4812 11.7386 -19.5465 -31.0426 -7.4574 9.78298 -24.4769 -4.36838 -8.91731 -16.5995 34.2194 -22.1494 -24.5295 -0.101527 39.8512 -34.1878 -28.9726 26.963 -11.6518 11.7006 -39.5257 -27.4088 44.9521 2.2214 10.4242 56.0268 -13.9832 -11.324 17.6588 14.8865 
-2.90314 -20.9044 11.812 19.793 50.9377 -21.6023 -33.8039 36.7247 -6.61507 -9.579 -26.6057 -3.11697 45.0086 -14.8642 23.9966 17.3354 49.5295 26.1304 8.80528 -41.8689 -10.1266 30.8643 29.3141 36.677 9.78298 -2.62459 -1.23751 -42.6657 -27.7865 -9.04858 40.4692 37.7562 -24.4876 19.5602 16.4033 14.5933 17.9833 39.9945 -10.0115 -16.7206 15.8342 11.3888 43.6773 -11.6703 9.31788 -2.54438 -29.6028 -5.76305 -27.9676 -5.91448 
24.3259 -15.0448 -9.89596 -26.5531 -5.89585 44.6938 -43.3885 41.3854 -35.1085 43.9364 -17.0668 52.0408 -28.7755 -17.3563 52.3716 21.1475 11.2472 -19.3015 -41.0716 1.20049 -30.0139 -40.9386 39.4974 -5.01249 -24.4769 -1.23751 56.2408 35.5704 48.0777 26.521 -48.7322 17.5132 -10.8205 -3.72364 -23.9788 -50.6985 46.9156 28.3953 43.3959 8.02105 19.3606 14.6886 -3.28001 -51.9274 -27.4047 47.6105 37.6929 -28.6811 -27.5704 20.7905 
31.3252 -6.28589 0 -1.29595 29.7037 -27.8055 0.74995 13.8615 -17.7007 36.42 -49.1215 22.7324 26.7769 17.5932 -13.9824 2.33383 3.84754 -13.7735 -47.1438 11.4947 24.5286 1.4598 18.1174 39.7871 -4.36838 -42.6657 35.5704 -12.0255 32.7443 -15.9548 -16.7975 -20.3293 -19.5331 -4.28271 29.3694 6.15829 3.776 22.384 30.5635 19.5223 -16.9572 -29.443 13.5587 -0.497599 24.705 34.5776 55.1902 -26.5431 5.55824 8.55689 
28.7845 6.86214 -44.322 24.0953 5.49693 -25.0285 -28.6985 11.3039 -10.6415 -43.3851 -12.6703 10.6692 -33.6508 -1.90078 5.55607 57.2458 -34.4529 -57.7393 -13.0174 49.1525 -9.57256 33.5063 -28.7623 -15.4715 -8.91731 -27.7865 48.0777 32.7443 -34.701 -44.7461 -1.03513 13.3529 41.6669 10.8048 35.7913 13.2072 -11.8674 -12.5615 6.10825 -25.7478 24.3104 21.2849 38.5622 5.69715 31.6849 -14.2307 15.2994 7.89325 5.24055 -51.497 
-24.26 20.9736 -6.73833 22.3959 38.9776 17.2546 14.653 -30.2843 -63.3647 -13.101 7.62968 -10.7893 19.1162 -53.4242 -17.4179 -26.5185 6.94705 0.111147 -23.3043 32.5426 -35.6406 -30.9576 50.8941 21.089 -16.5995 -9.04858 26.521 -15.9548 -44.7461 22.9961 -34.0912 12.907 43.9174 -6.57055 -39.5809 -55.8783 -37.0486 -6.11924 21.1669 20.7512 40.8718 -18.3052 9.59652 -40.925 24.8365 34.4008 -4.07415 -25.6342 -12.9377 13.0512 
8.18855 3.3434 -13.5067 16.5965 50.3709 4.08773 -37.1645 -37.5143 -47.7437 41.6905 25.2814 44.9937 41.4453 6.96222 -28.3642 -16.7661 -36.3077 14.7197 42.2134 -5.73397 58.5741 17.1448 -28.5709 17.6662 34.2194 40.4692 -48.7322 -16.7975 -1.03513 -34.0912 -17.823 16.7169 10.284 -15.4657 4.59824 -10.475 -33.3437 15.1256 -37.7049 -22.7408 33.9006 26.6445 -9.60035 19.2707 -19.7697 0.255327 -26.9197 52.3081 33.5112 25.5166 
9.90971 -3.59773 -23.0135 54.2779 53.3553 23.2124 -2.50552 48.0966 -9.81197 9.73394 59.2484 -43.6161 24.7881 -26.1623 -13.3866 12.0895 -55.8785 -25.3025 24.1374 30.062 -21.3329 -3.01565 -43.0924 15.4462 -22.1494 37.7562 17.5132 -20.3293 13.3529 12.907 16.7169 -42.2741 -8.38674 10.6638 8.62879 -24.2763 -0.155762 42.5776 23.3121 -33.4079 -26.2854 40.3854 -0.362363 2.07204 2.62954 39.6154 20.9388 12.991 2.62645 -32.4237 
3.98296 -6.35195 -20.8725 -5.96185 37.3666 -2.48649 -27.1897 -18.2808 32.5526 37.4759 -18.6452 14.4452 4.89773 -26.525 -3.51026 2.22601 51.5973 37.2499 -25.2132 22.0304 45.394 -19.0456 -17.6661 34.3642 -24.5295 -24.4876 -10.8205 -19.5331 41.6669 43.9174 10.284 -8.38674 1.43309 21.0688 21.3082 1.26887 27.9917 -11.5195 -3.59938 44.9111 -4.22879 35.607 -22.5828 -3.08976 -39.4605 6.96022 37.8699 25.4577 -6.8048 -35.9616 
3.48901 3.25754 -15.6977 11.7632 -22.7313 22.8573 -16.6358 30.5982 -40.3653 -6.34365 -8.07971 2.50355 -8.93247 -17.2818 9.12878 9.40397 11.2525 17.7687 1.19952 -6.23984 -32.03 16.887 42.6123 -27.8807 -0.101527 19.5602 -3.72364 -4.28271 10.8048 -6.57055 -15.4657 10.6638 21.0688 1.89937 -41.513 26.6224 -4.90447 12.813 -20.3919 -9.08587 25.4821 14.6324 -33.8927 -17.9011 -23.7223 -53.7829 -2.70828 32.6555 9.86775 1.16451 
-9.8127 -6.85125 -16.4863 -3.82229 -7.74357 -5.10508 -3.32252 -11.2923 8.76904 -27.4396 0.350359 -45.5951 -22.7675 46.1561 -14.148 -26.0478 9.71375 14.3925 25.6739 5.88645 -3.78872 -24.2252 1.97788 43.2454 39.8512 16.4033 -23.9788 29.3694 35.7913 -39.5809 4.59824 8.62879 21.3082 -41.513 -43.3238 7.68296 -33.8006 39.1422 -22.9894 -47.829 16.5524 -28.4773 -41.8957 27.1833 -44.9276 -30.2795 -30.9652 40.7843 22.1932 28.28 
6.76412 0.903359 28.4473 -11.6126 39.4403 -44.751 -17.4925 -21.8711 13.7541 -20.56 21.4389 2.02619 -26.5704 24.749 44.3907 -49.9657 1.8375 -57.5223 3.29701 25.5819 58.7193 -27.1905 21.243 35.1479 -34.1878 14.5933 -50.6985 6.15829 13.2072 -55.8783 -10.475 -24.2763 1.26887 26.6224 7.68296 5.28511 20.328 -3.96335 3.37445 -29.148 -26.7005 29.6328 43.9114 -37.3849 -18.2396 -3.17138 -28.8316 22.1453 14.3422 23.2251 
-3.36789 6.69202 -2.56534 -37.1517 -38.6247 12.1434 -45.6098 37.4516 -32.1475 14.1272 -44.3259 -41.5717 41.1122 -13.6346 -15.505 18.8073 35.9575 -3.15442 -31.9676 -10.1138 57.0289 -27.7368 -18.7586 46.3366 -28.9726 17.9833 46.9156 3.776 -11.8674 -37.0486 -33.3437 -0.155762 27.9917 -4.90447 -33.8006 20.328 43.2761 -1.00104 -40.8019 -13.4153 -14.4796 4.9108 55.4818 17.2 11.8296 -21.1152 -26.1084 35.4604 -14.0412 -52.9002 
-1.94794 -2.38971 37.0679 5.01152 -12.7371 -19.9145 -5.07565 -49.6384 20.5279 -43.0346 -20.0832 44.5846 34.7753 -11.2923 34.2987 -1.91517 -1.79536 -8.71435 -8.68896 23.2442 47.4717 57.466 -36.8371 -13.7496 26.963 39.9945 28.3953 22.384 -12.5615 -6.11924 15.1256 42.5776 -11.5195 12.813 39.1422 -3.96335 -1.00104 -42.9925 29.3427 -20.6871 29.031 26.1362 -9.6002 -41.5353 -28.3383 -11.2864 10.1271 44.4784 -26.7241 -49.2279 
9.72241 -2.00131 69.4665 23.8089 27.4663 48.8045 -22.7316 23.3989 -23.1244 -30.0566 -3.21373 6.337 -26.2375 -2.22208 -30.4678 -13.2471 11.2543 48.5968 -5.37128 -0.845291 70.6545 51.9391 -3.09245 42.7309 -11.6518 -10.0115 43.3959 30.5635 6.10825 21.1669 -37.7049 23.3121 -3.59938 -20.3919 -22.9894 3.37445 -40.8019 29.3427 -28.7765 -38.6906 38.7595 -45.3909 44.7152 -7.61128 20.3499 -25.6609 20.678 -18.295 15.5792 22.7685 
22.8042 -10.0157 -25.7539 -16.5435 45.7357 53.3266 -15.6326 36.5183 -38.7629 -0.0885848 12.1105 39.6395 21.8645 42.0446 -32.678 -28.3153 -19.6023 13.6186 29.3914 -23.174 -29.7592 7.50108 -41.5891 34.077 11.7006 -16.7206 8.02105 19.5223 -25.7478 20.7512 -22.7408 -33.4079 44.9111 -9.08587 -47.829 -29.148 -13.4153 -20.6871 -38.6906 5.22625 43.8442 44.6646 -20.0938 41.7703 10.1295 39.0747 25.8451 -11.3125 16.8161 -46.4085 
24.1227 7.52551 -10.1722 42.2642 23.1269 10.9888 13.9082 -37.5517 17.5006 -48.2056 40.0698 -51.9461 11.5622 -2.32634 -43.8321 -46.2114 36.456 -46.2456 11.1868 18.3229 12.542 20.9163 -38.3939 -24.465 -39.5257 15.8342 19.3606 -16.9572 24.3104 40.8718 33.9006 -26.2854 -4.22879 25.4821 16.5524 -26.7005 -14.4796 29.031 38.7595 43.8442 19.1267 -34.7066 -18.5035 15.1779 26.1061 27.0409 36.8078 -7.06026 30.844 -12.2455 
-7.83364 -12.9382 38.8646 -52.169 33.2508 23.9069 -43.8146 34.3227 23.038 -32.959 -2.19614 34.8996 19.8263 -14.7803 -18.6009 -19.1836 0.24412 62.6434 41.42 -18.6173 29.651 48.8657 -15.3069 21.5629 -27.4088 11.3888 14.6886 -29.443 21.2849 -18.3052 26.6445 40.3854 35.607 14.6324 -28.4773 29.6328 4.9108 26.1362 -45.3909 44.6646 -34.7066 -28.6779 9.35578 -12.7317 -28.9843 29.1336 -40.2071 -4.11893 -48.5486 21.1935 
2.83955 7.15897 21.5207 33.7594 -2.1862 45.7035 -47.4517 -30.3058 6.04503 -11.9413 52.1997 1.88352 10.553 38.5572 -1.42773 46.4471 27.1184 -12.3987 -13.0387 28.6684 56.1804 25.6326 -52.5574 -26.6931 44.9521 43.6773 -3.28001 13.5587 38.5622 9.59652 -9.60035 -0.362363 -22.5828 -33.8927 -41.8957 43.9114 55.4818 -9.6002 44.7152 -20.0938 -18.5035 9.35578 35.4895 -33.9466 -13.5511 -13.5729 41.2713 -22.2854 32.901 17.741 
-1.08079 -4.15574 -1.81367 0.975699 39.069 48.9228 -26.4958 30.3286 -38.4956 12.245 45.644 54.5179 -28.7638 -17.2093 58.9495 35.2396 -23.3747 37.8756 -0.0493526 -23.39 14.1359 -12.2052 45.686 -22.3078 2.2214 -11.6703 -51.9274 -0.497599 5.69715 -40.925 19.2707 2.07204 -3.08976 -17.9011 27.1833 -37.3849 17.2 -41.5353 -7.61128 41.7703 15.1779 -12.7317 -33.9466 1.37005 -30.1628 -3.29373 7.16175 -0.3609 -29.5329 -13.1581 
-14.8023 -6.53489 36.5439 -13.8917 25.3374 -21.9697 -10.3977 -46.3962 6.31969 -18.4503 43.1136 -40.3832 -54.5132 -18.6873 -45.9963 13.2457 -21.5865 -16.0386 -9.44911 -21.4066 -36.0665 -7.20834 32.4333 36.6005 10.4242 9.31788 -27.4047 24.705 31.6849 24.8365 -19.7697 2.62954 -39.4605 -23.7223 -44.9276 -18.2396 11.8296 -28.3383 20.3499 10.1295 26.1061 -28.9843 -13.5511 -30.1628 14.1093 12.747 -26.633 9.89743 -39.3558 11.2142 
1.42185 0.277632 0.655235 38.2265 -48.3898 41.5749 -25.2143 -12.136 3.60518 4.17843 -3.84945 24.8683 16.2272 11.3483 -4.33466 -26.5208 46.0508 -4.95072 -1.80867 10.0116 -34.0096 -30.7056 11.4955 -20.0645 56.0268 -2.54438 47.6105 34.5776 -14.2307 34.4008 0.255327 39.6154 6.96022 -53.7829 -30.2795 -3.17138 -21.1152 -11.2864 -25.6609 39.0747 27.0409 29.1336 -13.5729 -3.29373 12.747 -43.1754 -42.9751 -11.6716 44.3959 -21.4913 
-8.38157 -4.68688 -4.49252 -52.0255 -9.18155 -18.0435 -3.11528 -12.7494 -24.4217 -50.6371 21.2131 30.7965 15.722 28.4943 38.879 56.2741 -3.32143 -33.4526 -16.2054 25.586 -24.2157 15.6298 46.712 -21.9282 -13.9832 -29.6028 37.6929 55.1902 15.2994 -4.07415 -26.9197 20.9388 37.8699 -2.70828 -30.9652 -28.8316 -26.1084 10.1271 20.678 25.8451 36.8078 -40.2071 41.2713 7.16175 -26.633 -42.9751 -22.4549 -25.4659 -13.437 32.0826 
-2.71087 1.8861 -10.3289 1.1455 -25.1947 19.0044 -9.9562 32.0234 4.44807 56.7239 -3.39478 5.9352 2.05176 -20.0525 -15.2596 39.4702 11.1546 28.0025 32.1205 7.06432 -11.222 46.9091 48.9004 -2.24665 -11.324 -5.76305 -28.6811 -26.5431 7.89325 -25.6342 52.3081 12.991 25.4577 32.6555 40.7843 22.1453 35.4604 44.4784 -18.295 -11.3125 -7.06026 -4.11893 -22.2854 -0.3609 9.89743 -11.6716 -25.4659 12.9067 19.569 -4.44062 
-16.6484 3.88916 15.8903 8.15392 20.32 72.2621 43.3493 35.6207 -21.2022 36.2646 32.9639 -8.58152 -54.6305 29.6146 -32.8074 39.8488 15.8289 -29.2667 -46.1611 25.6083 -34.7736 32.8772 4.98217 -30.5509 17.6588 -27.9676 -27.5704 5.55824 5.24055 -12.9377 33.5112 2.62645 -6.8048 9.86775 22.1932 14.3422 -14.0412 -26.7241 15.5792 16.8161 30.844 -48.5486 32.901 -29.5329 -39.3558 44.3959 -13.437 19.569 25.9301 -63.2174 
4.99991 0 -10.1198 21.037 -50.5938 17.3172 -43.1455 -55.0234 7.32862 47.3367 26.7743 27.6096 2.89263 20.4286 18.3684 -34.1998 -39.4671 4.88922 -7.21039 17.2116 -8.77713 16.6944 -6.19982 39.4074 14.8865 -5.91448 20.7905 8.55689 -51.497 13.0512 25.5166 -32.4237 -35.9616 1.16451 28.28 23.2251 -52.9002 -49.2279 22.7685 -46.4085 -12.2455 21.1935 17.741 -13.1581 11.2142 -21.4913 32.0826 -4.44062 -63.2174 -25.8846 
