2552.21 -0.916093 -1.86955 0.748459 0.227647 -3.95599 0.174204 1.46359 0.896087 0.432652 -2.1305 1.21423 -0.100588 0.418032 1.3748 1.74826 -0.208918 2.07778 -1.74266 1.33966 0.0878297 -0.60424 3.41258 0.988893 0.977773 0.758069 -0.786774 0.842823 0.429961 -1.64727 -0.0584807 0.262228 0.945388 0.979876 -0.583384 0.498632 -0.420667 -0.51682 0.00199487 -0.702509 -0.398866 0.0111971 -0.056609 0.179752 -0.46445 0.104067 0.0177298 -0.0218901 0.316933 0.0930462 
-0.916093 -296.603 -24.2803 -27.0255 -17.4121 10.28 -5.06865 19.8056 -9.88474 -23.5968 25.0624 2.17176 -2.23746 25.7435 -12.4517 -6.08949 -1.01115 -5.98912 -4.74009 -12.7419 -7.89907 7.59402 9.1536 13.1172 6.65281 -1.37421 -4.82216 4.52666 8.00221 -1.45993 1.92314 0.0742261 -1.49045 6.14679 0.901948 -1.13581 -3.22482 -4.94385 0.601043 -4.71705 -2.32294 -0.00339037 4.43961 4.51519 -0.186278 0.041321 -3.06678 -0.908949 -1.09754 2.5966 
-1.86955 -24.2803 -319.779 2.82557 8.63101 -9.02754 -6.68455 9.85665 -3.75383 8.66851 2.57737 11.4307 -5.43464 1.8143 -2.6561 7.0818 8.72158 -19.2549 3.73672 -7.96581 -15.3705 8.46615 9.69437 -2.0946 4.06672 -4.01245 -1.49626 1.54091 0.880062 -2.8132 -0.277353 -2.60277 -3.7863 8.85356 5.98726 -1.12521 -2.326 -1.30946 -3.51759 -4.5514 0.243104 0.473176 0.829602 -0.147218 -1.34615 0.598429 0.625159 0.599279 0.945658 -0.251626 
0.748459 -27.0255 2.82557 278.548 -15.6399 17.123 13.8515 20.7358 15.2416 7.1711 -37.5671 -13.2617 0.88162 -4.51937 -12.9448 0.996518 2.85772 -2.99168 -6.84772 10.5222 -6.28618 -11.6841 -1.99112 6.38321 0.544918 -0.833492 -0.27735 -4.54481 2.94907 3.18959 -7.16678 -1.39304 6.74477 -3.75676 -11.0653 5.46063 3.05597 1.95565 4.86474 1.1634 2.45444 -0.656646 0.15885 -1.67065 0.653363 -1.25311 -0.56076 -1.18173 -0.940681 0.233489 
0.227647 -17.4121 8.63101 -15.6399 -301.294 14.9969 -3.82278 -5.50107 -12.4354 -3.63609 12.376 -30.9622 -2.13323 7.03385 -9.54642 -14.0333 2.4171 4.73244 5.334 2.72788 -0.952585 -4.19414 11.0902 8.17853 -8.87535 7.70086 8.41546 0.855999 -2.9777 -3.245 -3.10786 2.89327 5.38891 1.58175 -2.54412 1.74154 2.57198 0.835007 2.58557 -1.0272 -1.25042 0.0877162 1.13417 0.454807 0.391873 -0.170211 -0.0763462 -0.11098 0.0424114 0 
-3.95599 10.28 -9.02754 17.123 14.9969 -217.944 -1.91963 2.95352 6.53807 0.506347 -4.10088 5.0934 1.91094 -3.87247 0 -30.4377 -15.4131 8.9865 6.98168 -27.7227 15.0209 -0.370746 -11.8403 -1.50562 -8.46865 -2.19628 0.355703 -2.201 11.4957 15.1143 -10.8451 10.5887 13.1688 8.58821 6.92581 19.5138 -20.0231 -0.628742 -0.0895267 -5.96086 -20.4354 -3.03247 11.5108 -7.57312 1.91482 7.58136 6.79435 10.2587 -20.5246 7.45323 
0.174204 -5.06865 -6.68455 13.8515 -3.82278 -1.91963 -202.562 4.73652 -11.6245 -4.38376 4.45849 0.562973 19.5372 21.6875 -13.1236 -8.0982 -4.69034 -26.7245 -17.5708 14.2102 19.5454 0.27879 14.1011 -12.3017 3.93016 -16.017 23.3723 -5.98271 -18.1755 -30.0486 -31.3396 17.053 15.8732 -33.0985 3.50596 -0.872991 -0.12388 -6.98384 -11.1126 -1.56775 17.4307 0.926363 -12.9141 -26.2165 5.47985 -0.594712 -14.5435 6.77657 1.78816 -4.03959 
1.46359 19.8056 9.85665 20.7358 -5.50107 2.95352 4.73652 -302.39 -4.6156 20.8587 -17.0986 11.5272 43.2997 5.93202 -1.74568 -45.2961 -4.00246 6.63511 -8.66757 21.0582 26.3294 -2.26499 11.5457 3.80967 0.979828 19.0533 -10.0581 7.97064 -15.0474 5.30263 -26.0508 3.15119 -7.37831 4.79108 7.00711 23.2983 9.45067 -22.9071 8.40554 19.0132 12.7187 8.09462 -14.665 23.8628 11.1834 19.9894 -0.27722 -26.7827 20.9781 -21.8406 
0.896087 -9.88474 -3.75383 15.2416 -12.4354 6.53807 -11.6245 -4.6156 305.855 -24.41 10.8348 5.5246 -32.5065 28.2717 16.0783 17.6818 12.4064 -21.1596 5.13402 39.473 -21.5094 8.55588 24.598 -25.9365 -12.4029 -30.5746 9.28401 -26.2378 -15.3823 -19.2192 5.48335 3.49955 -27.7767 -7.15951 -20.7375 2.13146 1.75918 4.84865 3.43928 4.52017 0.467339 3.03582 1.67961 -18.6045 -13.511 -19.1965 10.805 -0.408783 -30.1923 4.91555 
0.432652 -23.5968 8.66851 7.1711 -3.63609 0.506347 -4.38376 20.8587 -24.41 288.055 4.9507 -20.065 -7.26484 -2.6988 5.74237 7.47087 7.45082 18.6978 -26.2621 -6.99816 -14.0378 0.927654 -10.6986 17.491 -14.455 4.45016 1.47248 -17.1913 -0.00376606 -14.4257 -10.3129 -28.5585 3.64693 -8.06933 10.419 0.0179211 0.110035 0.195006 -31.0096 14.9314 -10.8322 -13.9839 7.87024 -10.5211 9.38437 -3.01651 -0.288047 8.27226 21.4408 2.50457 
-2.1305 25.0624 2.57737 -37.5671 12.376 -4.10088 4.45849 -17.0986 10.8348 4.9507 -237.104 3.02098 -25.0474 -14.4511 -7.87792 2.92601 16.5802 -0.636421 7.44907 -26.9487 -35.1935 -7.26279 19.0043 -9.2689 -20.0927 -17.5323 15.8668 30.1719 22.1323 9.73342 8.68797 -6.68262 9.0874 21.9984 -17.5543 26.8123 -10.4989 7.70324 47.9823 6.30599 -4.44765 15.0805 -2.08821 4.58804 -19.7199 16.2603 0.507297 11.6123 -26.4635 14.841 
1.21423 2.17176 11.4307 -13.2617 -30.9622 5.0934 0.562973 11.5272 5.5246 -20.065 3.02098 246.715 -3.03381 14.8882 11.8089 9.75306 49.4719 -3.50176 -2.6166 -1.2717 -11.4827 33.9486 1.19532 -14.5334 -10.3809 6.50504 7.16999 10.7641 -28.934 -28.7586 -17.4691 34.1073 -10.6646 4.94823 4.33762 13.4835 3.72309 -1.39815 -23.1348 -0.084407 27.0588 22.8171 -33.9213 -0.933 -29.6665 22.7806 7.14447 -7.45978 2.42159 12.3838 
-0.100588 -2.23746 -5.43464 0.88162 -2.13323 1.91094 19.5372 43.2997 -32.5065 -7.26484 -25.0474 -3.03381 205.068 -11.563 10.4206 0.488524 -4.77942 12.0887 13.3949 3.64356 13.6287 7.2897 -10.4919 -11.5419 0.895215 10.5432 8.34739 -2.3844 4.64739 -1.67311 -23.8596 7.77034 -4.59059 3.77176 -4.45675 -5.14501 -5.1423 -7.51582 0.715524 -11.2057 -2.97198 -12.3156 -14.4337 15.1385 -6.51232 2.02238 11.7898 -23.7515 -5.00746 25.7203 
0.418032 25.7435 1.8143 -4.51937 7.03385 -3.87247 21.6875 5.93202 28.2717 -2.6988 -14.4511 14.8882 -11.563 201.355 -12.8899 -7.67899 22.9107 18.3886 14.2287 -13.0543 -27.0703 30.6335 -8.36121 10.5377 -6.48639 -16.1872 -6.644 18.6563 -8.75595 9.20301 -8.95049 -2.76122 17.2617 5.92344 -0.00853601 4.24575 -9.45244 -11.6555 -9.48196 17.6438 -18.3525 -20.4646 8.4431 2.91364 -20.9999 -1.52875 7.31131 -16.1061 -14.5907 17.8073 
1.3748 -12.4517 -2.6561 -12.9448 -9.54642 0 -13.1236 -1.74568 16.0783 5.74237 -7.87792 11.8089 10.4206 -12.8899 -168.848 -3.90836 4.18593 26.3561 -10.1911 1.06857 -6.75611 21.2326 -12.6408 0.0707993 26.776 25.4219 -7.91491 0.0141007 -17.5814 2.11474 -16.3133 -0.751185 -10.94 -4.65954 17.9587 16.473 -22.5166 6.22013 -9.87149 -2.39053 -7.41357 -18.0534 -6.43099 1.61228 11.7277 -12.6592 8.04591 -8.67145 23.9401 -5.77996 
1.74826 -6.08949 7.0818 0.996518 -14.0333 -30.4377 -8.0982 -45.2961 17.6818 7.47087 2.92601 9.75306 0.488524 -7.67899 -3.90836 186.922 25.8367 10.2473 9.92656 -5.31926 6.10545 10.1207 18.5397 -25.6742 -23.1299 -1.72046 -26.625 -26.8935 16.4204 -23.9976 8.80211 -38.9657 6.24049 -6.95208 -10.833 -10.5227 22.4931 14.5571 11.6578 11.9674 -1.34226 -36.5312 -2.014 22.7792 -2.31598 12.9347 0.0932924 21.8609 10.4071 6.53917 
-0.208918 -1.01115 8.72158 2.85772 2.4171 -15.4131 -4.69034 -4.00246 12.4064 7.45082 16.5802 49.4719 -4.77942 22.9107 4.18593 25.8367 -170.247 -14.6957 -14.9438 4.7775 8.89751 -24.4748 -9.83753 33.5224 4.19003 10.4595 13.4832 29.351 9.24094 21.9342 44.5521 24.7651 -19.8181 7.36556 10.3266 -6.7346 -19.6293 -3.51718 -4.47967 -12.0039 25.2811 24.5393 -3.40244 -0.271981 -20.0724 -20.6775 -9.72504 3.61143 -2.9265 23.5224 
2.07778 -5.98912 -19.2549 -2.99168 4.73244 8.9865 -26.7245 6.63511 -21.1596 18.6978 -0.636421 -3.50176 12.0887 18.3886 26.3561 10.2473 -14.6957 171.798 1.14174 -0.246902 -17.7836 16.5908 -24.0242 -10.7814 15.289 32.4991 -8.53417 -1.4759 -3.66328 12.6153 26.828 -5.42991 -15.0215 22.9239 -16.2346 -14.9611 -10.4773 18.1021 33.8541 19.3598 -8.06405 -29.935 6.46664 34.8492 -7.57884 -9.45995 4.65213 -24.898 -16.8472 -4.86512 
-1.74266 -4.74009 3.73672 -6.84772 5.334 6.98168 -17.5708 -8.66757 5.13402 -26.2621 7.44907 -2.6166 13.3949 14.2287 -10.1911 9.92656 -14.9438 1.14174 -186.756 0.894084 -11.1384 -24.0409 7.58452 0.506523 -8.18516 7.51589 -0.335204 -4.16333 1.32016 -12.2768 10.1974 -10.7475 3.99143 -16.1969 -1.93147 12.2627 36.5243 -6.01715 -13.422 -15.6302 18.4627 6.38091 6.72542 7.3707 26.1476 -21.3074 11.5596 5.9521 25.3424 -3.20863 
1.33966 -12.7419 -7.96581 10.5222 2.72788 -27.7227 14.2102 21.0582 39.473 -6.99816 -26.9487 -1.2717 3.64356 -13.0543 1.06857 -5.31926 4.7775 -0.246902 0.894084 222.667 10.8578 -17.9602 11.4425 6.63562 26.4165 -7.2265 -2.65624 -26.9076 -12.6386 14.8772 30.7008 7.0323 -10.5544 -15.575 7.09039 -8.36669 10.1601 -7.47336 45.3738 12.8384 22.5306 17.2664 -7.25699 -9.66326 8.63493 -27.2092 -18.6592 9.6395 -8.87189 7.8716 
0.0878297 -7.89907 -15.3705 -6.28618 -0.952585 15.0209 19.5454 26.3294 -21.5094 -14.0378 -35.1935 -11.4827 13.6287 -27.0703 -6.75611 6.10545 8.89751 -17.7836 -11.1384 10.8578 148.084 -3.89243 -16.5009 -13.7202 20.1269 37.6352 10.5989 5.80712 -0.890465 -4.85192 -5.93725 12.8257 -19.1205 -20.0292 3.26542 -4.44296 15.0438 14.2858 24.4987 -16.0292 18.4164 -2.97123 -28.0644 7.79331 5.46259 7.63641 13.7693 -1.29582 -16.4778 1.88776 
-0.60424 7.59402 8.46615 -11.6841 -4.19414 -0.370746 0.27879 -2.26499 8.55588 0.927654 -7.26279 33.9486 7.2897 30.6335 21.2326 10.1207 -24.4748 16.5908 -24.0409 -17.9602 -3.89243 -139.539 10.6323 -2.49943 -18.5576 -6.80821 27.7272 -22.1054 17.6211 -4.07175 14.7125 13.0891 0.635598 13.0049 -3.74456 10.0938 14.6609 16.4895 9.61804 -15.5975 8.92377 4.7732 -14.4834 19.6324 -0.693947 -33.4522 -3.97342 13.8609 28.2596 -4.27991 
3.41258 9.1536 9.69437 -1.99112 11.0902 -11.8403 14.1011 11.5457 24.598 -10.6986 19.0043 1.19532 -10.4919 -8.36121 -12.6408 18.5397 -9.83753 -24.0242 7.58452 11.4425 -16.5009 10.6323 -198.63 33.817 17.0499 20.5464 -7.44177 4.82902 13.4226 15.7286 -0.0556615 -18.1936 -9.46251 1.79395 -5.55496 -2.66951 -15.5806 17.8401 22.8823 13.5644 -45.3432 4.99431 -10.4635 24.4468 -5.20362 3.31477 2.45131 -22.0265 3.33682 19.7796 
0.988893 13.1172 -2.0946 6.38321 8.17853 -1.50562 -12.3017 3.80967 -25.9365 17.491 -9.2689 -14.5334 -11.5419 10.5377 0.0707993 -25.6742 33.5224 -10.7814 0.506523 6.63562 -13.7202 -2.49943 33.817 -149.695 -7.32681 -0.918925 -6.74045 -4.944 0.677604 -14.5688 -28.1724 3.34991 9.10688 -5.12409 -21.289 -0.396577 29.8856 4.93587 19.9404 15.3457 6.82947 -23.7702 -7.24392 -0.702438 8.88231 8.12453 2.10625 -7.96216 -10.2907 6.43567 
0.977773 6.65281 4.06672 0.544918 -8.87535 -8.46865 3.93016 0.979828 -12.4029 -14.455 -20.0927 -10.3809 0.895215 -6.48639 26.776 -23.1299 4.19003 15.289 -8.18516 26.4165 20.1269 -18.5576 17.0499 -7.32681 -151.135 -24.976 -4.63749 -20.6489 22.9748 -16.8569 1.92749 6.4623 2.41585 1.59606 -20.4091 -52.5121 6.9787 3.18185 -13.8787 -8.61757 -11.0798 -23.5273 -15.9919 5.49384 -14.7892 5.02099 -3.16069 16.6523 4.34131 7.44035 
0.758069 -1.37421 -4.01245 -0.833492 7.70086 -2.19628 -16.017 19.0533 -30.5746 4.45016 -17.5323 6.50504 10.5432 -16.1872 25.4219 -1.72046 10.4595 32.4991 7.51589 -7.2265 37.6352 -6.80821 20.5464 -0.918925 -24.976 162.432 -4.88305 -0.0985704 -13.3473 -7.67968 -20.8136 -4.53642 -12.5131 -12.2263 -14.1786 15.4609 11.9122 14.311 16.9723 3.89912 -22.8676 -21.7685 -4.1396 -1.57692 12.3626 19.2715 -0.484607 -1.34641 -38.7756 -0.214469 
-0.786774 -4.82216 -1.49626 -0.27735 8.41546 0.355703 23.3723 -10.0581 9.28401 1.47248 15.8668 7.16999 8.34739 -6.644 -7.91491 -26.625 13.4832 -8.53417 -0.335204 -2.65624 10.5989 27.7272 -7.44177 -6.74045 -4.63749 -4.88305 124.402 16.9812 -22.1293 -2.21189 -32.04 5.0055 -10.425 -11.1391 -2.4994 24.0824 1.6973 -1.11939 6.80225 1.12077 -8.03789 -3.60399 12.6422 -1.2915 16.8332 -1.18871 28.8009 -8.12858 -17.4487 18.2555 
0.842823 4.52666 1.54091 -4.54481 0.855999 -2.201 -5.98271 7.97064 -26.2378 -17.1913 30.1719 10.7641 -2.3844 18.6563 0.0141007 -26.8935 29.351 -1.4759 -4.16333 -26.9076 5.80712 -22.1054 4.82902 -4.944 -20.6489 -0.0985704 16.9812 -130.62 20.016 -0.831823 -4.95615 -22.8396 -4.17166 -14.8994 -12.5868 -13.9844 4.8566 7.1243 0.385317 -3.01497 -39.2892 -5.55271 -6.51697 -10.5646 4.58483 18.6514 4.91747 6.8581 -6.7859 -7.78311 
0.429961 8.00221 0.880062 2.94907 -2.9777 11.4957 -18.1755 -15.0474 -15.3823 -0.00376606 22.1323 -28.934 4.64739 -8.75595 -17.5814 16.4204 9.24094 -3.66328 1.32016 -12.6386 -0.890465 17.6211 13.4226 0.677604 22.9748 -13.3473 -22.1293 20.016 171.245 0.667113 1.58355 -0.244891 10.5634 20.4363 -20.0294 -32.7839 2.93824 3.91973 -20.1558 8.8198 9.59279 -8.07616 -4.67274 11.5376 -23.2924 11.4865 -7.35359 -2.25957 1.01652 -10.549 
-1.64727 -1.45993 -2.8132 3.18959 -3.245 15.1143 -30.0486 5.30263 -19.2192 -14.4257 9.73342 -28.7586 -1.67311 9.20301 2.11474 -23.9976 21.9342 12.6153 -12.2768 14.8772 -4.85192 -4.07175 15.7286 -14.5688 -16.8569 -7.67968 -2.21189 -0.831823 0.667113 121.533 17.2618 17.6294 12.4745 9.28419 14.477 13.4763 -23.2141 -18.6301 16.6614 10.1844 -2.45554 36.4818 27.5294 -22.289 1.03369 -15.3728 -2.34732 15.5464 11.9751 -20.9048 
-0.0584807 1.92314 -0.277353 -7.16678 -3.10786 -10.8451 -31.3396 -26.0508 5.48335 -10.3129 8.68797 -17.4691 -23.8596 -8.95049 -16.3133 8.80211 44.5521 26.828 10.1974 30.7008 -5.93725 14.7125 -0.0556615 -28.1724 1.92749 -20.8136 -32.04 -4.95615 1.58355 17.2618 -140.391 20.8746 -18.9245 5.09795 -3.71615 10.3468 -17.6963 10.7736 -9.10104 -8.47927 -5.56706 -7.17993 -6.758 -1.74622 14.0466 2.53725 16.6485 -3.40969 -15.003 0.640109 
0.262228 0.0742261 -2.60277 -1.39304 2.89327 10.5887 17.053 3.15119 3.49955 -28.5585 -6.68262 34.1073 7.77034 -2.76122 -0.751185 -38.9657 24.7651 -5.42991 -10.7475 7.0323 12.8257 13.0891 -18.1936 3.34991 6.4623 -4.53642 5.0055 -22.8396 -0.244891 17.6294 20.8746 -162.854 3.46766 -14.8856 4.14318 4.22685 1.34429 7.73005 19.4418 14.131 -16.4366 -14.7631 -2.80584 12.1514 3.04817 -4.26754 27.3346 -12.745 -9.01782 -3.79064 
0.945388 -1.49045 -3.7863 6.74477 5.38891 13.1688 15.8732 -7.37831 -27.7767 3.64693 9.0874 -10.6646 -4.59059 17.2617 -10.94 6.24049 -19.8181 -15.0215 3.99143 -10.5544 -19.1205 0.635598 -9.46251 9.10688 2.41585 -12.5131 -10.425 -4.17166 10.5634 12.4745 -18.9245 3.46766 -67.7685 -22.5241 -3.65204 0.77725 -6.98271 -7.72474 25.8387 8.75814 -4.93168 -0.746089 -9.05889 -1.71695 5.87655 -15.0364 -2.62277 -13.3846 -34.0885 25.4367 
0.979876 6.14679 8.85356 -3.75676 1.58175 8.58821 -33.0985 4.79108 -7.15951 -8.06933 21.9984 4.94823 3.77176 5.92344 -4.65954 -6.95208 7.36556 22.9239 -16.1969 -15.575 -20.0292 13.0049 1.79395 -5.12409 1.59606 -12.2263 -11.1391 -14.8994 20.4363 9.28419 5.09795 -14.8856 -22.5241 -76.1347 -23.39 4.99593 -5.99213 -16.7212 7.37704 -29.3266 -39.8929 -0.902918 -30.8051 7.80912 -3.853 7.66402 -29.3863 9.55245 -3.44401 31.8944 
-0.583384 0.901948 5.98726 -11.0653 -2.54412 6.92581 3.50596 7.00711 -20.7375 10.419 -17.5543 4.33762 -4.45675 -0.00853601 17.9587 -10.833 10.3266 -16.2346 -1.93147 7.09039 3.26542 -3.74456 -5.55496 -21.289 -20.4091 -14.1786 -2.4994 -12.5868 -20.0294 14.477 -3.71615 4.14318 -3.65204 -23.39 131.53 17.0122 -18.0763 -20.5707 -18.7843 -8.16541 -25.9455 16.3065 -3.42468 -13.232 23.8475 -7.90176 22.0145 -3.82619 25.0989 -7.12782 
0.498632 -1.13581 -1.12521 5.46063 1.74154 19.5138 -0.872991 23.2983 2.13146 0.0179211 26.8123 13.4835 -5.14501 4.24575 16.473 -10.5227 -6.7346 -14.9611 12.2627 -8.36669 -4.44296 10.0938 -2.66951 -0.396577 -52.5121 15.4609 24.0824 -13.9844 -32.7839 13.4763 10.3468 4.22685 0.77725 4.99593 17.0122 -76.6066 0.984364 15.7094 23.6631 1.76646 15.1969 -5.80755 -21.1832 11.8305 -7.95166 -4.98348 -17.0788 6.03257 -15.8715 7.47944 
-0.420667 -3.22482 -2.326 3.05597 2.57198 -20.0231 -0.12388 9.45067 1.75918 0.110035 -10.4989 3.72309 -5.1423 -9.45244 -22.5166 22.4931 -19.6293 -10.4773 36.5243 10.1601 15.0438 14.6609 -15.5806 29.8856 6.9787 11.9122 1.6973 4.8566 2.93824 -23.2141 -17.6963 1.34429 -6.98271 -5.99213 -18.0763 0.984364 -49.1333 -10.7136 6.42879 -5.84723 -4.99929 -0.154618 10.1409 -10.925 7.858 -5.30861 -8.15663 8.41445 -12.1744 -1.86064 
-0.51682 -4.94385 -1.30946 1.95565 0.835007 -0.628742 -6.98384 -22.9071 4.84865 0.195006 7.70324 -1.39815 -7.51582 -11.6555 6.22013 14.5571 -3.51718 18.1021 -6.01715 -7.47336 14.2858 16.4895 17.8401 4.93587 3.18185 14.311 -1.11939 7.1243 3.91973 -18.6301 10.7736 7.73005 -7.72474 -16.7212 -20.5707 15.7094 -10.7136 -21.6935 -4.25821 10.3793 -7.71412 20.2923 24.4019 -10.5151 -11.7881 -1.61099 -0.82491 -1.60443 -10.0468 1.52045 
0.00199487 0.601043 -3.51759 4.86474 2.58557 -0.0895267 -11.1126 8.40554 3.43928 -31.0096 47.9823 -23.1348 0.715524 -9.48196 -9.87149 11.6578 -4.47967 33.8541 -13.422 45.3738 24.4987 9.61804 22.8823 19.9404 -13.8787 16.9723 6.80225 0.385317 -20.1558 16.6614 -9.10104 19.4418 25.8387 7.37704 -18.7843 23.6631 6.42879 -4.25821 143.24 6.80178 10.0367 4.37206 4.11943 -3.23334 0.29828 -3.82464 -6.78383 -14.5712 -14.1399 4.40997 
-0.702509 -4.71705 -4.5514 1.1634 -1.0272 -5.96086 -1.56775 19.0132 4.52017 14.9314 6.30599 -0.084407 -11.2057 17.6438 -2.39053 11.9674 -12.0039 19.3598 -15.6302 12.8384 -16.0292 -15.5975 13.5644 15.3457 -8.61757 3.89912 1.12077 -3.01497 8.8198 10.1844 -8.47927 14.131 8.75814 -29.3266 -8.16541 1.76646 -5.84723 10.3793 6.80178 -8.89136 -1.77213 -6.92883 18.3832 -27.7059 9.36684 10.0451 -15.1499 35.3589 -10.3192 -25.1758 
-0.398866 -2.32294 0.243104 2.45444 -1.25042 -20.4354 17.4307 12.7187 0.467339 -10.8322 -4.44765 27.0588 -2.97198 -18.3525 -7.41357 -1.34226 25.2811 -8.06405 18.4627 22.5306 18.4164 8.92377 -45.3432 6.82947 -11.0798 -22.8676 -8.03789 -39.2892 9.59279 -2.45554 -5.56706 -16.4366 -4.93168 -39.8929 -25.9455 15.1969 -4.99929 -7.71412 10.0367 -1.77213 110.5 20.1787 0.537967 -10.9538 -17.9628 -0.347116 -21.3905 11.3261 -8.86537 7.55257 
0.0111971 -0.00339037 0.473176 -0.656646 0.0877162 -3.03247 0.926363 8.09462 3.03582 -13.9839 15.0805 22.8171 -12.3156 -20.4646 -18.0534 -36.5312 24.5393 -29.935 6.38091 17.2664 -2.97123 4.7732 4.99431 -23.7702 -23.5273 -21.7685 -3.60399 -5.55271 -8.07616 36.4818 -7.17993 -14.7631 -0.746089 -0.902918 16.3065 -5.80755 -0.154618 20.2923 4.37206 -6.92883 20.1787 -80.1531 2.38965 2.59503 1.97878 -2.80097 4.67783 0.198099 3.96376 2.46347 
-0.056609 4.43961 0.829602 0.15885 1.13417 11.5108 -12.9141 -14.665 1.67961 7.87024 -2.08821 -33.9213 -14.4337 8.4431 -6.43099 -2.014 -3.40244 6.46664 6.72542 -7.25699 -28.0644 -14.4834 -10.4635 -7.24392 -15.9919 -4.1396 12.6422 -6.51697 -4.67274 27.5294 -6.758 -2.80584 -9.05889 -30.8051 -3.42468 -21.1832 10.1409 24.4019 4.11943 18.3832 0.537967 2.38965 52.3612 18.4151 1.92402 -4.65573 14.7468 -14.5131 7.57661 14.8242 
0.179752 4.51519 -0.147218 -1.67065 0.454807 -7.57312 -26.2165 23.8628 -18.6045 -10.5211 4.58804 -0.933 15.1385 2.91364 1.61228 22.7792 -0.271981 34.8492 7.3707 -9.66326 7.79331 19.6324 24.4468 -0.702438 5.49384 -1.57692 -1.2915 -10.5646 11.5376 -22.289 -1.74622 12.1514 -1.71695 7.80912 -13.232 11.8305 -10.925 -10.5151 -3.23334 -27.7059 -10.9538 2.59503 18.4151 73.4995 6.94895 -0.496282 13.4014 -15.1482 9.31995 -1.87609 
-0.46445 -0.186278 -1.34615 0.653363 0.391873 1.91482 5.47985 11.1834 -13.511 9.38437 -19.7199 -29.6665 -6.51232 -20.9999 11.7277 -2.31598 -20.0724 -7.57884 26.1476 8.63493 5.46259 -0.693947 -5.20362 8.88231 -14.7892 12.3626 16.8332 4.58483 -23.2924 1.03369 14.0466 3.04817 5.87655 -3.853 23.8475 -7.95166 7.858 -11.7881 0.29828 9.36684 -17.9628 1.97878 1.92402 6.94895 78.1934 -6.85223 14.6816 -2.76368 -6.39118 0.904414 
0.104067 0.041321 0.598429 -1.25311 -0.170211 7.58136 -0.594712 19.9894 -19.1965 -3.01651 16.2603 22.7806 2.02238 -1.52875 -12.6592 12.9347 -20.6775 -9.45995 -21.3074 -27.2092 7.63641 -33.4522 3.31477 8.12453 5.02099 19.2715 -1.18871 18.6514 11.4865 -15.3728 2.53725 -4.26754 -15.0364 7.66402 -7.90176 -4.98348 -5.30861 -1.61099 -3.82464 10.0451 -0.347116 -2.80097 -4.65573 -0.496282 -6.85223 -38.5766 4.57333 -3.30599 3.47337 1.64311 
0.0177298 -3.06678 0.625159 -0.56076 -0.0763462 6.79435 -14.5435 -0.27722 10.805 -0.288047 0.507297 7.14447 11.7898 7.31131 8.04591 0.0932924 -9.72504 4.65213 11.5596 -18.6592 13.7693 -3.97342 2.45131 2.10625 -3.16069 -0.484607 28.8009 4.91747 -7.35359 -2.34732 16.6485 27.3346 -2.62277 -29.3863 22.0145 -17.0788 -8.15663 -0.82491 -6.78383 -15.1499 -21.3905 4.67783 14.7468 13.4014 14.6816 4.57333 -43.8813 1.28421 -0.111499 0.830634 
-0.0218901 -0.908949 0.599279 -1.18173 -0.11098 10.2587 6.77657 -26.7827 -0.408783 8.27226 11.6123 -7.45978 -23.7515 -16.1061 -8.67145 21.8609 3.61143 -24.898 5.9521 9.6395 -1.29582 13.8609 -22.0265 -7.96216 16.6523 -1.34641 -8.12858 6.8581 -2.25957 15.5464 -3.40969 -12.745 -13.3846 9.55245 -3.82619 6.03257 8.41445 -1.60443 -14.5712 35.3589 11.3261 0.198099 -14.5131 -15.1482 -2.76368 -3.30599 1.28421 91.3946 1.42436 -0.851632 
0.316933 -1.09754 0.945658 -0.940681 0.0424114 -20.5246 1.78816 20.9781 -30.1923 21.4408 -26.4635 2.42159 -5.00746 -14.5907 23.9401 10.4071 -2.9265 -16.8472 25.3424 -8.87189 -16.4778 28.2596 3.33682 -10.2907 4.34131 -38.7756 -17.4487 -6.7859 1.01652 11.9751 -15.003 -9.01782 -34.0885 -3.44401 25.0989 -15.8715 -12.1744 -10.0468 -14.1399 -10.3192 -8.86537 3.96376 7.57661 9.31995 -6.39118 3.47337 -0.111499 1.42436 7.50559 2.84086 
0.0930462 2.5966 -0.251626 0.233489 0 7.45323 -4.03959 -21.8406 4.91555 2.50457 14.841 12.3838 25.7203 17.8073 -5.77996 6.53917 23.5224 -4.86512 -3.20863 7.8716 1.88776 -4.27991 19.7796 6.43567 7.44035 -0.214469 18.2555 -7.78311 -10.549 -20.9048 0.640109 -3.79064 25.4367 31.8944 -7.12782 7.47944 -1.86064 1.52045 4.40997 -25.1758 7.55257 2.46347 14.8242 -1.87609 0.904414 1.64311 0.830634 -0.851632 2.84086 31.1145 
