969.277 52.7615 47.7891 -16.8855 -43.4333 30.5779 51.0886 -24.7266 50.7538 17.963 -24.7286 19.517 28.198 15.2753 30.5867 11.0117 -4.0348 6.69494 0 205.157 171.724 223.118 250.983 188.721 216.897 241.026 205.565 196.628 215.83 211.985 224.435 224.688 182.464 249.23 222.351 248.033 203.338 188.306 193.021 225.847 223.828 237.118 180.632 220.129 221.939 205.778 189.431 163.739 238.604 249.985 
52.7615 -44.8493 -18.8103 63.1957 3.04724 19.2577 -2.75348 -13.2537 18.0487 51.0984 12.7799 -25.5794 -44.2538 22.1501 -23.9503 3.78836 -33 7.53494 -30.6309 -9.30643 41.1559 -18.0398 41.4303 51.853 -8.42911 -5.12783 20.9881 15.3741 15.7082 16.1441 25.3011 71.0716 -5.64116 30.6884 26.2083 35.6221 17.7914 -28.7667 36.1775 21.3643 65.9587 -14.1925 38.0637 52.4559 9.53875 11.7088 -44.741 8.17797 62.986 38.9261 
47.7891 -18.8103 -3.56441 46.1201 -7.83736 -5.13062 3.21384 -5.20676 -44.7088 43.7247 -51.6566 -0.763769 33.3202 -6.30524 12.2575 -23.9168 45.4875 40.8503 -12.839 39.4106 58.6827 5.35725 -35.1252 1.83609 -18.9601 11.6391 -27.447 67.0876 18.8297 45.8788 41.117 -16.0504 12.8887 15.6818 1.12716 35.2883 -12.6085 52.6114 39.1884 -25.7345 35.099 -20.7236 -3.1996 -3.15328 11.0344 3.08921 -16.5064 -13.7886 -12.1423 8.77419 
-16.8855 63.1957 46.1201 9.46912 -58.0026 -14.8621 -17.8674 -5.73967 60.3339 -23.6714 -14.7965 32.977 -11.2742 0.161377 -16.5 37.5484 42.6895 42.1352 16.9425 -7.71312 -3.89595 1.92835 27.9995 -40.3695 -18.6118 33.5159 -22.4858 -27.8961 17.9904 5.65857 -3.67753 54.4158 6.87241 0.257492 -6.81618 -38.2563 -39.7113 2.29777 -0.133495 -5.87481 10.0271 -33.0801 35.813 -14.1959 -14.2994 51.3772 -20.669 16.1061 -0.928894 14.9383 
-43.4333 3.04724 -7.83736 -58.0026 -38.2251 -1.94155 -15.2382 -39.8633 -10.3258 -6.73267 43.3791 -11.4188 -7.13854 14.5859 -18.2107 15.2347 -28.069 -1.20365 -29.8825 -11.8227 -10.5983 40.9303 6.92981 -12.9372 -25.3051 59.0866 -13.4994 8.17489 5.67683 34.1075 44.508 54.5554 48.5527 -29.9635 -12.7206 25.841 -49.4974 -4.34213 19.0403 51.5305 8.92916 45.8166 3.27682 31.292 31.1886 -34.8055 11.9981 -15.1449 14.6337 -55.2069 
30.5779 19.2577 -5.13062 -14.8621 -1.94155 3.91289 -6.59377 61.5841 7.33892 9.79032 29.6035 18.303 -21.7433 -31.2487 -16.3326 -17.8965 -28.2632 22.3429 -2.62444 58.7621 -17.3211 -10.3988 -1.94948 25.7512 1.6364 -3.41336 41.7118 -13.154 -22.6234 49.0574 27.2292 -5.67203 19.614 29.3673 -9.43725 -39.0938 5.41045 25.1837 74.5338 53.7388 12.7131 42.3471 45.9522 49.993 -10.2525 55.8029 3.18995 21.5404 70.8453 22.1065 
51.0886 -2.75348 3.21384 -17.8674 -15.2382 -6.59377 -3.31921 26.2844 20.0053 34.1466 26.7363 21.6462 -1.46518 -53.8172 20.7725 44.758 34.7462 -46.7789 4.29022 40.3256 -1.1755 30.0596 11.164 36.4203 -3.83374 -10.8467 -35.8607 5.17435 -14.4311 12.6572 -38.0078 28.3423 -20.024 -14.0229 8.3961 -11.6777 -44.7812 -14.7113 -36.8215 -8.01761 14.2932 -40.8765 -44.5668 -30.3354 -5.02619 -27.1222 3.70333 -3.54178 46.6165 -47.2888 
-24.7266 -13.2537 -5.20676 -5.73967 -39.8633 61.5841 26.2844 -65.7162 -14.6499 -39.7267 -11.2075 39.3684 -46.7411 -13.4008 -6.93755 15.8589 39.8809 11.299 -20.2944 -19.5335 -15.8781 8.75204 23.9622 37.4269 -12.3465 37.5504 50.5117 31.3246 5.80172 -13.2034 -23.2802 24.9083 -6.27884 38.3275 -19.743 -22.544 47.1397 -31.6114 52.6648 40.1008 -43.1525 45.4968 -28.4027 39.4187 -50.088 -6.93566 -15.9204 31.4991 37.378 -52.945 
50.7538 18.0487 -44.7088 60.3339 -10.3258 7.33892 20.0053 -14.6499 28.9311 18.5543 16.3655 37.9613 -4.91266 5.03216 17.8845 -1.48257 20.2966 22.5057 37.0793 -32.655 -12.7374 9.40996 -61.5569 -28.6456 20.909 7.56834 -15.3128 17.8 -17.4322 -53.3197 -39.4682 -49.1344 54.7542 -36.294 -12.0224 8.48166 -21.521 46.57 24.6436 -39.1469 -2.01337 50.4109 2.64272 -31.7312 -8.02869 7.75894 -38.6585 8.42687 -21.2969 -1.81606 
17.963 51.0984 43.7247 -23.6714 -6.73267 9.79032 34.1466 -39.7267 18.5543 38.0653 -2.27174 27.1793 -6.24001 18.6589 -11.9532 -38.3904 -7.50091 31.1203 43.1577 11.4751 53.123 -53.823 -29.38 20.6476 51.781 4.57599 47.7678 40.4322 -35.2833 -1.81317 52.6903 19.9581 52.029 0.100521 -24.5496 -24.3584 9.74361 -30.575 -27.5788 12.9936 -54.6325 -22.5333 -7.06855 10.3495 -13.5759 13.4489 -36.6845 64.7327 40.1631 45.3974 
-24.7286 12.7799 -51.6566 -14.7965 43.3791 29.6035 26.7363 -11.2075 16.3655 -2.27174 -12.5031 -1.10942 -44.506 -15.8508 -30.3948 -28.9943 33.0604 -3.76274 -7.64007 20.4174 11.3677 -17.4831 -24.8581 -3.66129 42.7073 -31.5014 -18.2021 -41.0534 -27.3688 -3.81669 17.7387 28.325 -8.72204 -12.5419 -15.8242 17.8388 -47.7934 -4.21804 23.3605 1.87245 32.3881 17.4574 52.2499 49.9647 33.3468 0.319065 7.35149 -3.02772 30.4244 25.5803 
19.517 -25.5794 -0.763769 32.977 -11.4188 18.303 21.6462 39.3684 37.9613 27.1793 -1.10942 9.96575 6.28966 32.0404 -2.2014 5.72318 15.7496 -4.42094 16.7687 -12.3025 -6.91282 21.7365 36.8387 -22.2882 50.361 -8.55321 61.2397 33.8107 34.8392 -5.31181 53.4107 -17.0124 -3.86985 15.4317 -22.9716 22.5061 -28.4716 25.8719 -23.9023 49.4032 -42.4744 8.08268 -2.51083 59.3288 -30.5786 19.5269 49.0756 4.98306 0.314034 45.7214 
28.198 -44.2538 33.3202 -11.2742 -7.13854 -21.7433 -1.46518 -46.7411 -4.91266 -6.24001 -44.506 6.28966 7.15257 26.5276 18.4515 47.391 -21.5712 37.3853 4.403 -6.14489 -21.519 39.0613 -36.6391 19.0681 -33.9016 50.1211 -28.756 38.718 -38.235 23.2464 44.0999 24.2857 22.3831 -6.98486 -21.1961 -19.3105 47.8381 48.8438 -2.52053 21.8912 21.6906 38.9893 22.602 -23.7556 -45.2794 21.472 13.9637 8.98121 -46.0853 6.63771 
15.2753 22.1501 -6.30524 0.161377 14.5859 -31.2487 -53.8172 -13.4008 5.03216 18.6589 -15.8508 32.0404 26.5276 -28.0506 -14.0585 12.5061 31.5901 16.4104 6.43743 37.6567 2.83928 37.9411 30.6928 -29.901 30.5232 13.6743 -26.5163 27.1885 -19.2021 -46.6856 10.7491 -33.2445 3.38845 -23.7738 44.5643 19.7627 -8.80685 14.4392 37.8915 45.1827 7.03059 21.4583 61.7433 -23.7583 -12.3526 27.5334 25.4518 -7.09913 41.1956 17.9566 
30.5867 -23.9503 12.2575 -16.5 -18.2107 -16.3326 20.7725 -6.93755 17.8845 -11.9532 -30.3948 -2.2014 18.4515 -14.0585 22.829 5.65772 21.6115 36.7307 46.2738 63.2422 63.93 17.102 -24.9597 -6.19689 19.9418 40.1342 59.855 12.9189 14.6284 -3.28203 -15.5832 -1.08749 13.4374 17.2553 -3.90921 55.4552 -6.40097 47.5699 -17.279 -20.9562 -36.2075 -6.21062 9.15892 64.5281 -34.0877 5.81103 50.0757 -3.84434 -19.6693 27.3649 
11.0117 3.78836 -23.9168 37.5484 15.2347 -17.8965 44.758 15.8589 -1.48257 -38.3904 -28.9943 5.72318 47.391 12.5061 5.65772 34.9966 -28.8496 33.9143 33.7893 52.2356 5.89075 -38.1205 33.2293 53.1253 -32.2543 21.7751 22.3123 7.3036 58.8654 -25.0151 -11.5011 9.24726 7.30849 20.1461 -17.7427 -40.582 29.0978 12.2843 8.67329 -27.5028 -34.4339 -5.45098 57.9417 39.5571 14.7347 -20.04 55.1728 43.9604 49.0813 -27.4222 
-4.0348 -33 45.4875 42.6895 -28.069 -28.2632 34.7462 39.8809 20.2966 -7.50091 33.0604 15.7496 -21.5712 31.5901 21.6115 -28.8496 -51.4804 17.0816 -34.6749 34.6806 -23.5639 -25.8187 32.5367 30.745 -26.0364 40.1588 36.7327 2.51023 -12.9733 24.5174 -37.1548 -41.6091 38.2651 21.2371 13.0907 13.1962 39.5426 -30.5324 -37.3129 -19.3519 39.5704 -35.6573 -0.678345 -14.0308 -17.8767 43.4594 5.1436 8.70142 11.2801 -32.3861 
6.69494 7.53494 40.8503 42.1352 -1.20365 22.3429 -46.7789 11.299 22.5057 31.1203 -3.76274 -4.42094 37.3853 16.4104 36.7307 33.9143 17.0816 -49.4885 25.3161 -43.8826 -26.6538 -44.3748 -33.3499 11.6399 -3.70111 26.6463 -0.0138245 -27.0238 -57.4895 12.6699 3.43253 -27.1088 35.2785 23.1388 15.6331 -64.8648 -5.94228 -48.7888 -2.88324 9.29842 -58.6296 24.7664 -45.748 37.5973 -22.4937 -6.99105 -33.8136 26.1595 -43.5777 -5.00955 
0 -30.6309 -12.839 16.9425 -29.8825 -2.62444 4.29022 -20.2944 37.0793 43.1577 -7.64007 16.7687 4.403 6.43743 46.2738 33.7893 -34.6749 25.3161 14.5979 45.0456 38.3714 8.23019 -4.31084 -12.6705 -0.468609 8.66603 -35.7435 -40.6208 -13.6332 -22.9602 39.9476 22.2962 -26.5314 6.49666 28.0861 8.88184 -25.8452 -14.6294 -9.67018 26.1272 15.283 38.6622 -16.7376 6.95178 -10.077 -2.70003 -19.0643 32.2082 -48.6185 -5.08128 
205.157 -9.30643 39.4106 -7.71312 -11.8227 58.7621 40.3256 -19.5335 -32.655 11.4751 20.4174 -12.3025 -6.14489 37.6567 63.2422 52.2356 34.6806 -43.8826 45.0456 22 47 24 82 35 32 4 54 43 98 86 40 78 59 62 62 83 41 48 23 24 72 22 54 35 21 57 65 47 71 76 
171.724 41.1559 58.6827 -3.89595 -10.5983 -17.3211 -1.1755 -15.8781 -12.7374 53.123 11.3677 -6.91282 -21.519 2.83928 63.93 5.89075 -23.5639 -26.6538 38.3714 47 69 18 1 3 53 33 7 59 28 6 97 20 84 8 34 98 91 76 98 15 52 71 89 59 6 10 16 24 9 39 
223.118 -18.0398 5.35725 1.92835 40.9303 -10.3988 30.0596 8.75204 9.40996 -53.823 -17.4831 21.7365 39.0613 37.9411 17.102 -38.1205 -25.8187 -44.3748 8.23019 24 18 0 78 9 53 81 14 38 89 26 67 47 23 87 31 32 22 81 75 50 79 90 54 50 31 13 57 94 81 81 
250.983 41.4303 -35.1252 27.9995 6.92981 -1.94948 11.164 23.9622 -61.5569 -29.38 -24.8581 36.8387 -36.6391 30.6928 -24.9597 33.2293 32.5367 -33.3499 -4.31084 82 1 78 3 20 33 82 81 87 15 96 25 4 22 92 51 97 32 34 81 6 15 57 8 95 99 62 97 83 76 54 
188.721 51.853 1.83609 -40.3695 -12.9372 25.7512 36.4203 37.4269 -28.6456 20.6476 -3.66129 -22.2882 19.0681 -29.901 -6.19689 53.1253 30.745 11.6399 -12.6705 35 3 9 20 77 9 87 32 82 21 66 63 60 82 11 85 86 85 30 90 83 14 76 16 20 92 25 28 39 25 90 
216.897 -8.42911 -18.9601 -18.6118 -25.3051 1.6364 -3.83374 -12.3465 20.909 51.781 42.7073 50.361 -33.9016 30.5232 19.9418 -32.2543 -26.0364 -3.70111 -0.468609 32 53 53 33 9 36 60 18 43 37 28 82 21 10 55 88 25 15 70 37 53 8 22 83 50 57 97 27 26 69 71 
241.026 -5.12783 11.6391 33.5159 59.0866 -3.41336 -10.8467 37.5504 7.56834 4.57599 -31.5014 -8.55321 50.1211 13.6743 40.1342 21.7751 40.1588 26.6463 8.66603 4 33 81 82 87 60 51 49 10 28 39 98 88 10 93 77 90 76 99 52 31 87 77 99 57 66 52 17 41 35 68 
205.565 20.9881 -27.447 -22.4858 -13.4994 41.7118 -35.8607 50.5117 -15.3128 47.7678 -18.2021 61.2397 -28.756 -26.5163 59.855 22.3123 36.7327 -0.0138245 -35.7435 54 7 14 81 32 18 49 98 84 95 76 5 66 28 54 28 8 93 78 97 55 72 74 45 0 25 97 83 12 27 82 
196.628 15.3741 67.0876 -27.8961 8.17489 -13.154 5.17435 31.3246 17.8 40.4322 -41.0534 33.8107 38.718 27.1885 12.9189 7.3036 2.51023 -27.0238 -40.6208 43 59 38 87 82 43 10 84 21 93 34 39 34 21 59 85 57 54 61 62 72 41 16 52 50 62 82 99 17 54 73 
215.83 15.7082 18.8297 17.9904 5.67683 -22.6234 -14.4311 5.80172 -17.4322 -35.2833 -27.3688 34.8392 -38.235 -19.2021 14.6284 58.8654 -12.9733 -57.4895 -13.6332 98 28 89 15 21 37 28 95 93 15 6 51 64 90 63 91 72 37 37 59 28 71 80 87 56 90 41 70 52 65 11 
211.985 16.1441 45.8788 5.65857 34.1075 49.0574 12.6572 -13.2034 -53.3197 -1.81317 -3.81669 -5.31181 23.2464 -46.6856 -3.28203 -25.0151 24.5174 12.6699 -22.9602 86 6 26 96 66 28 39 76 34 6 69 17 61 83 51 12 0 6 38 67 64 89 32 54 4 75 79 41 12 38 69 
224.435 25.3011 41.117 -3.67753 44.508 27.2292 -38.0078 -23.2802 -39.4682 52.6903 17.7387 53.4107 44.0999 10.7491 -15.5832 -11.5011 -37.1548 3.43253 39.9476 40 97 67 25 63 82 98 5 39 51 17 36 70 56 44 60 49 14 65 14 26 86 83 39 69 35 52 21 93 90 89 
224.688 71.0716 -16.0504 54.4158 54.5554 -5.67203 28.3423 24.9083 -49.1344 19.9581 28.325 -17.0124 24.2857 -33.2445 -1.08749 9.24726 -41.6091 -27.1088 22.2962 78 20 47 4 60 21 88 66 34 64 61 70 9 31 73 64 35 48 95 77 13 33 98 49 55 55 93 68 56 60 33 
182.464 -5.64116 12.8887 6.87241 48.5527 19.614 -20.024 -6.27884 54.7542 52.029 -8.72204 -3.86985 22.3831 3.38845 13.4374 7.30849 38.2651 35.2785 -26.5314 59 84 23 22 82 10 10 28 21 90 83 56 31 23 86 71 58 77 40 45 81 61 90 23 50 0 54 75 64 42 24 
249.23 30.6884 15.6818 0.257492 -29.9635 29.3673 -14.0229 38.3275 -36.294 0.100521 -12.5419 15.4317 -6.98486 -23.7738 17.2553 20.1461 21.2371 23.1388 6.49666 62 8 87 92 11 55 93 54 59 63 51 44 73 86 59 19 89 44 69 38 51 76 83 19 33 43 4 56 81 75 66 
222.351 26.2083 1.12716 -6.81618 -12.7206 -9.43725 8.3961 -19.743 -12.0224 -24.5496 -15.8242 -22.9716 -21.1961 44.5643 -3.90921 -17.7427 13.0907 15.6331 28.0861 62 34 31 51 85 88 77 28 85 91 12 60 64 71 19 11 67 12 92 29 2 68 31 2 74 7 18 16 83 77 87 
248.033 35.6221 35.2883 -38.2563 25.841 -39.0938 -11.6777 -22.544 8.48166 -24.3584 17.8388 22.5061 -19.3105 19.7627 55.4552 -40.582 13.1962 -64.8648 8.88184 83 98 32 97 86 25 90 8 57 72 0 49 35 58 89 67 72 73 57 62 25 33 97 96 18 41 53 26 74 80 93 
203.338 17.7914 -12.6085 -39.7113 -49.4974 5.41045 -44.7812 47.1397 -21.521 9.74361 -47.7934 -28.4716 47.8381 -8.80685 -6.40097 29.0978 39.5426 -5.94228 -25.8452 41 91 22 32 85 15 76 93 54 37 6 14 48 77 44 12 73 85 48 5 30 29 59 98 60 62 24 19 80 41 2 
188.306 -28.7667 52.6114 2.29777 -4.34213 25.1837 -14.7113 -31.6114 46.57 -30.575 -4.21804 25.8719 48.8438 14.4392 47.5699 12.2843 -30.5324 -48.7888 -14.6294 48 76 81 34 30 70 99 78 61 37 38 65 95 40 69 92 57 48 10 80 26 83 89 40 8 23 38 57 93 31 10 
193.021 36.1775 39.1884 -0.133495 19.0403 74.5338 -36.8215 52.6648 24.6436 -27.5788 23.3605 -23.9023 -2.52053 37.8915 -17.279 8.67329 -37.3129 -2.88324 -9.67018 23 98 75 81 90 37 52 97 62 59 67 14 77 45 38 29 62 5 80 20 5 90 13 91 38 70 21 67 29 71 80 
225.847 21.3643 -25.7345 -5.87481 51.5305 53.7388 -8.01761 40.1008 -39.1469 12.9936 1.87245 49.4032 21.8912 45.1827 -20.9562 -27.5028 -19.3519 9.29842 26.1272 24 15 50 6 83 53 31 55 72 28 64 26 13 81 51 2 25 30 26 5 43 95 99 24 88 54 86 69 32 69 10 
223.828 65.9587 35.099 10.0271 8.92916 12.7131 14.2932 -43.1525 -2.01337 -54.6325 32.3881 -42.4744 21.6906 7.03059 -36.2075 -34.4339 39.5704 -58.6296 15.283 72 52 79 15 14 8 87 72 41 71 89 86 33 61 76 68 33 29 83 90 95 73 30 33 63 87 79 94 49 99 51 
237.118 -14.1925 -20.7236 -33.0801 45.8166 42.3471 -40.8765 45.4968 50.4109 -22.5333 17.4574 8.08268 38.9893 21.4583 -6.21062 -5.45098 -35.6573 24.7664 38.6622 22 71 90 57 76 22 77 74 16 80 32 83 98 90 83 31 97 59 89 13 99 30 39 64 42 30 86 15 49 15 86 
180.632 38.0637 -3.1996 35.813 3.27682 45.9522 -44.5668 -28.4027 2.64272 -7.06855 52.2499 -2.51083 22.602 61.7433 9.15892 57.9417 -0.678345 -45.748 -16.7376 54 89 54 8 16 83 99 45 52 87 54 39 49 23 19 2 96 98 40 91 24 33 64 81 11 34 33 87 22 87 73 
220.129 52.4559 -3.15328 -14.1959 31.292 49.993 -30.3354 39.4187 -31.7312 10.3495 49.9647 59.3288 -23.7556 -23.7583 64.5281 39.5571 -14.0308 37.5973 6.95178 35 59 50 95 20 50 57 0 50 56 4 69 55 50 33 74 18 60 8 38 88 63 42 11 43 19 42 54 44 24 39 
221.939 9.53875 11.0344 -14.2994 31.1886 -10.2525 -5.02619 -50.088 -8.02869 -13.5759 33.3468 -30.5786 -45.2794 -12.3526 -34.0877 14.7347 -17.8767 -22.4937 -10.077 21 6 31 99 92 57 66 25 62 90 75 35 55 0 43 7 41 62 23 70 54 87 30 34 19 59 63 18 53 12 69 
205.778 11.7088 3.08921 51.3772 -34.8055 55.8029 -27.1222 -6.93566 7.75894 13.4489 0.319065 19.5269 21.472 27.5334 5.81103 -20.04 43.4594 -6.99105 -2.70003 57 10 13 62 25 97 52 97 82 41 79 52 93 54 4 18 53 24 38 21 86 79 86 33 42 63 5 4 33 99 34 
189.431 -44.741 -16.5064 -20.669 11.9981 3.18995 3.70333 -15.9204 -38.6585 -36.6845 7.35149 49.0756 13.9637 25.4518 50.0757 55.1728 5.1436 -33.8136 -19.0643 65 16 57 97 28 27 17 83 99 70 41 21 68 75 56 16 26 19 57 67 69 94 15 87 54 18 4 19 15 35 87 
163.739 8.17797 -13.7886 16.1061 -15.1449 21.5404 -3.54178 31.4991 8.42687 64.7327 -3.02772 4.98306 8.98121 -7.09913 -3.84434 43.9604 8.70142 26.1595 32.2082 47 24 94 83 39 26 41 12 17 52 12 93 56 64 81 83 74 80 93 29 32 49 49 22 44 53 33 15 53 69 50 
238.604 62.986 -12.1423 -0.928894 14.6337 70.8453 46.6165 37.378 -21.2969 40.1631 30.4244 0.314034 -46.0853 41.1956 -19.6693 49.0813 11.2801 -43.5777 -48.6185 71 9 81 76 25 69 35 27 54 65 38 90 60 42 75 77 80 41 31 71 69 99 15 87 24 12 99 35 69 87 2 
249.985 38.9261 8.77419 14.9383 -55.2069 22.1065 -47.2888 -52.945 -1.81606 45.3974 25.5803 45.7214 6.63771 17.9566 27.3649 -27.4222 -32.3861 -5.00955 -5.08128 76 39 81 54 90 71 68 82 73 11 69 89 33 24 66 87 93 2 10 80 10 51 86 73 39 69 34 87 50 2 37 
