2552.21 -0.916093 -1.86955 0.748459 0.227647 -2.42835 -1.90751 0.410837 0.769306 0.746456 -2.4288 1.29559 0.227625 -0.910969 -0.634735 2.33853 0.295326 0.283757 -1.2516 2.06999 1.24403 1.08777 3.57869 2.23587 1.68349 0.453242 0.0504543 0.66813 0.21326 -1.61653 0.133856 -0.587612 0.71098 0.55601 -0.0703768 0.116124 -0.0522528 -0.816562 -0.500614 -0.814841 -0.396698 0.300055 -0.220151 0.127082 0.0253325 -0.101343 0.196781 -0.481978 0.782984 -0.115639 
-0.916093 -296.603 -24.2803 -27.0255 -17.4121 7.34879 -1.61134 24.8108 6.17093 -20.9213 17.6269 4.10222 5.0544 19.8053 -8.56034 11.9918 -0.180822 -12.5408 -1.68121 -22.4158 -9.73876 -1.12857 -0.284097 17.2195 -5.16556 2.59394 -5.90063 2.12185 5.52983 -4.70559 3.06142 -7.48003 -2.682 8.45819 0.741478 3.06444 -2.40911 -2.26363 4.48267 -3.20672 -3.9258 -0.109394 5.40904 3.79069 4.23774 3.14515 -1.56493 3.52729 -1.64165 0.768278 
-1.86955 -24.2803 -319.779 2.82557 8.63101 -2.19048 -5.12253 10.6299 -0.344976 3.22062 -7.05539 18.9963 -5.26544 -5.83567 -7.75164 -2.59284 3.86859 -6.97455 10.1422 -4.73665 -21.121 1.8529 3.20989 4.45086 2.0292 0.405297 -3.57615 -0.796409 -1.55374 3.58596 4.73856 -7.80126 -4.65624 9.07576 4.09335 -2.63535 -1.78519 -1.57254 6.25621 -3.58065 -2.77899 0.713091 2.39922 2.74802 0.905742 -0.658011 0.684892 -2.76952 0.533935 -1.72027 
0.748459 -27.0255 2.82557 278.548 -15.6399 15.6601 3.86741 9.49102 4.77517 16.6219 -34.8869 -16.256 3.27929 2.15567 6.13275 -6.18068 -4.92059 0.226065 -23.4319 9.80513 -1.58383 -7.10814 -10.9448 10.0462 8.34752 6.86558 -3.45188 -6.06894 0.701475 1.20651 -12.5252 4.45869 4.85332 -4.97351 -8.37465 6.96325 2.27947 -0.256763 -0.527341 0.405832 4.42229 0.763566 -2.08219 0.774347 -0.0394225 -0.262023 -1.65437 -3.24432 2.92101 -0.215528 
0.227647 -17.4121 8.63101 -15.6399 -301.294 13.9393 -4.0269 -3.93282 -12.5431 1.5365 8.92323 -22.9085 0.793637 17.0425 -1.50924 0.326376 1.12766 2.85736 6.40728 -13.8253 -3.0297 -10.6126 1.70349 10.2206 -15.2679 6.36122 10.1866 3.02457 1.37885 -11.847 -1.31174 3.09109 5.02375 3.96728 -4.33833 2.96554 1.5206 3.71658 -4.38249 -1.78597 1.27723 1.03896 -2.26207 0.853087 -5.40077 2.55825 -0.0272564 3.71899 -1.58217 2.89877 
-2.42835 7.34879 -2.19048 15.6601 13.9393 -249.016 15.1481 7.66192 21.3005 7.33533 -2.47636 17.0191 4.15775 -26.1417 -11.9776 -0.828631 -8.70664 -0.271455 -14.6669 12.8012 1.58842 4.27387 -3.35961 -0.883156 -4.00215 3.91517 0.671378 -8.17064 -3.01596 -1.19446 -13.4344 -3.33937 1.17756 -8.7413 0.260374 -0.167523 -0.0540806 -6.20646 7.02541 -0.827502 -7.94937 -2.44036 2.25389 0.898756 6.21671 -0.58867 1.16014 -3.09422 2.01442 -2.29268 
-1.90751 -1.61134 -5.12253 3.86741 -4.0269 15.1481 -263.683 -10.3824 -6.0447 -0.252727 6.96613 -1.25719 12.2869 11.734 -0.264026 25.6003 1.88353 3.48159 14.3645 -2.62984 12.4971 -8.1869 20.4122 1.19557 2.58777 -9.27583 3.0174 10.906 2.93559 -7.05942 1.21054 2.47046 0.869856 -1.4411 2.57708 2.71604 -2.09851 2.97667 -6.8615 -8.62007 3.97355 4.23414 0.580502 -5.88536 3.20217 0.315384 0.732401 4.9229 0.37492 0.495757 
0.410837 24.8108 10.6299 9.49102 -3.93282 7.66192 -10.3824 -333.998 6.44144 11.4227 1.79386 -4.05557 0.944337 -3.11341 -6.15901 2.28311 1.26866 -0.201171 2.85419 2.08952 3.53061 -0.172631 -5.08583 -2.22486 10.3239 -0.948673 -3.32584 1.4483 1.04187 -1.30303 1.60345 -2.44648 4.47407 1.87529 -1.28743 0.119214 1.87831 1.19499 -1.12544 1.25453 1.59332 0.188443 -3.26135 -1.06127 0.079178 0.557081 0.550458 -1.04735 0.558297 0.372334 
0.769306 6.17093 -0.344976 4.77517 -12.5431 21.3005 -6.0447 6.44144 373.69 8.1989 9.049 3.43217 -0.0527305 -1.73978 -1.22836 -4.65409 9.85793 4.15258 -4.11951 9.40448 1.41595 -6.56907 -15.4324 3.85621 1.64376 3.19616 0.195712 -0.792225 6.76755 6.53955 5.50033 0.415741 7.07318 2.08342 -5.29999 3.34737 0.101583 2.59146 4.44084 -0.576691 4.84846 1.24645 -1.78139 -0.100779 -1.37657 -0.137844 -1.36928 -0.0266519 -0.797085 0.575628 
0.746456 -20.9213 3.22062 16.6219 1.5365 7.33533 -0.252727 11.4227 8.1989 313.029 6.70122 2.39925 -0.920756 -0.665954 -6.20071 3.58005 -4.67866 2.37297 0.368632 -7.25791 -15.0403 -0.143391 -2.44058 -6.72277 2.36156 -2.75762 -1.01852 0.564777 1.19451 3.94103 -3.65451 -4.00656 -1.57529 -5.20062 3.37332 -5.86528 3.01293 3.96651 -0.55278 4.9839 -0.230252 -0.827826 -2.97674 -1.22156 0.23589 0.517384 1.36049 0.457321 -0.590835 0.317857 
-2.4288 17.6269 -7.05539 -34.8869 8.92323 -2.47636 6.96613 1.79386 9.049 6.70122 -281.854 -16.3792 -9.70605 2.17968 4.18524 -13.5206 7.08312 -0.0593127 10.9983 10.499 2.40028 4.42141 8.16823 -3.20904 8.31095 -3.49852 -8.13147 -1.08843 3.45015 -4.9323 -1.81759 1.2942 -3.76896 -2.83768 0.331923 -5.31123 -0.600964 -1.19642 -3.57441 -0.970912 -1.00526 0.0698929 -0.160974 5.87021 -5.89448 0.717952 -1.63492 -1.66374 -0.113839 1.41125 
1.29559 4.10222 18.9963 -16.256 -22.9085 17.0191 -1.25719 -4.05557 3.43217 2.39925 -16.3792 295.032 8.50046 -1.12369 9.01818 -6.84329 -9.01711 -10.7484 -3.69147 -9.0212 -0.832035 2.04114 6.83863 -10.9758 5.42527 3.92234 -3.20277 -10.5211 0.74319 -1.53177 0.226289 -1.61266 -9.75882 0.502928 5.02037 -3.159 -5.3616 -0.408169 8.25531 -3.10056 0.353436 -1.56436 4.33074 -1.20699 2.54732 0.4931 0.270453 0.146452 -1.26638 -1.31243 
0.227625 5.0544 -5.26544 3.27929 0.793637 4.15775 12.2869 0.944337 -0.0527305 -0.920756 -9.70605 8.50046 232.76 0.701839 -15.3794 21.1092 -22.3571 -3.7223 -1.63232 -16.0631 7.10762 2.91154 12.5321 7.66599 4.91215 2.31247 5.64561 -2.01926 2.59616 -19.1383 1.93513 -8.37053 1.28619 7.65976 6.13512 -1.29671 -1.93529 0.763592 2.11647 -12.5822 -6.85408 -2.22338 6.78833 -1.73133 7.52365 2.70275 5.0893 0.396497 0.140233 -0.0837337 
-0.910969 19.8053 -5.83567 2.15567 17.0425 -26.1417 11.734 -3.11341 -1.73978 -0.665954 2.17968 -1.12369 0.701839 247.44 18.0279 -8.48001 2.70205 9.84693 2.166 -4.67999 -3.08378 2.70947 13.1754 -7.43269 -4.24102 2.31921 5.66068 4.08219 5.36246 9.31885 1.61079 14.4514 5.39677 2.24757 8.09195 -4.75192 0.844422 3.93288 -0.619289 -3.93589 3.29392 1.73987 2.76573 2.9057 -0.683708 0.71761 -2.30509 0.243515 -0.0999272 0.171556 
-0.634735 -8.56034 -7.75164 6.13275 -1.50924 -11.9776 -0.264026 -6.15901 -1.22836 -6.20071 4.18524 9.01818 -15.3794 18.0279 -222.418 20.87 -12.8976 -2.05708 10.4804 -6.50714 -17.0597 -0.605842 -11.845 7.78825 -0.0275532 -2.40344 -2.3349 7.1451 -11.9027 -17.2064 -16.6094 -3.99889 1.52228 2.32097 0.00563661 3.97865 -0.57437 -3.57072 -7.4582 -3.77823 -3.88204 -0.926071 1.00913 -3.20667 3.82141 1.01425 3.71881 -0.80672 -0.0563387 0.00737536 
2.33853 11.9918 -2.59284 -6.18068 0.326376 -0.828631 25.6003 2.28311 -4.65409 3.58005 -13.5206 -6.84329 21.1092 -8.48001 20.87 240.856 -8.51699 8.84595 2.01944 -1.02775 11.7446 2.83385 9.67844 13.6745 -1.68087 -13.4415 0.00109346 1.45721 6.91674 -5.68682 -10.4492 -2.70311 6.17183 3.9793 -11.4892 12.6062 0.360641 -0.726651 -5.026 -1.57082 1.87093 -0.694901 0.204617 -3.42294 -1.72509 0.363502 1.10373 0.734428 0.390381 0.232022 
0.295326 -0.180822 3.86859 -4.92059 1.12766 -8.70664 1.88353 1.26866 9.85793 -4.67866 7.08312 -9.01711 -22.3571 2.70205 -12.8976 -8.51699 -232.544 1.88986 -46.8359 -3.02941 1.07428 15.4845 11.5852 0.705251 -2.31169 18.5108 13.3722 0.262043 -5.44114 -17.0454 -3.83921 4.71062 0.00525071 -4.59956 4.2368 -3.78324 1.34287 -3.52876 -1.0575 2.65543 -8.26985 -1.63583 1.50894 2.39498 2.07379 1.24 0.0199046 0.204106 0.143656 0.0777322 
0.283757 -12.5408 -6.97455 0.226065 2.85736 -0.271455 3.48159 -0.201171 4.15258 2.37297 -0.0593127 -10.7484 -3.7223 9.84693 -2.05708 8.84595 1.88986 203.79 3.62061 12.2956 33.243 -0.102169 24.4537 3.86528 -25.9652 18.6483 25.0508 2.07565 -2.68766 0.908005 2.42198 7.7101 14.3639 4.40738 0.0875173 4.38182 5.38839 1.59211 -3.3631 0.985223 -2.19733 -0.682643 0.147982 2.2856 1.05445 0.620144 -0.129648 0.184132 0.00182516 0 
-1.2516 -1.68121 10.1422 -23.4319 6.40728 -14.6669 14.3645 2.85419 -4.11951 0.368632 10.9983 -3.69147 -1.63232 2.166 10.4804 2.01944 -46.8359 3.62061 -192.464 0.0669147 3.09766 0 4.49661 14.9357 9.29493 16.0728 3.97773 14.6064 23.7431 21.1751 26.8014 6.90899 -19.091 10.5399 6.46219 14.6455 9.07967 5.1281 -4.2995 -22.3108 15.8227 6.63355 2.90948 16.0189 7.64124 -32.1924 14.2817 5.91081 20.6867 10.6904 
2.06999 -22.4158 -4.73665 9.80513 -13.8253 12.8012 -2.62984 2.08952 9.40448 -7.25791 10.499 -9.0212 -16.0631 -4.67999 -6.50714 -1.02775 -3.02941 12.2956 0.0669147 229.933 13.6721 -1.77128 1.87147 -5.47207 13.9058 13.476 5.03065 -27.4835 -13.1033 -4.76007 7.95852 12.9778 -19.2562 -8.20816 1.82808 -8.75797 6.93736 -6.09165 16.6265 5.4089 24.6017 8.18964 -25.7207 6.61208 -3.92416 -11.9185 -4.72022 -9.64269 0.815613 19.3712 
1.24403 -9.73876 -21.121 -1.58383 -3.0297 1.58842 12.4971 3.53061 1.41595 -15.0403 2.40028 -0.832035 7.10762 -3.08378 -17.0597 11.7446 1.07428 33.243 3.09766 13.6721 132.285 8.43983 -23.3399 -19.38 21.0686 36.4045 12.3273 -1.09637 1.23763 -3.43948 1.62816 9.18011 -25.4933 -6.94518 -4.16595 -8.55696 5.08694 17.6422 12.9622 -2.61903 13.1392 -12.1636 -23.6509 13.0438 -5.38307 0.236689 17.0584 -12.9922 -20.3481 -3.20273 
1.08777 -1.12857 1.8529 -7.10814 -10.6126 4.27387 -8.1869 -0.172631 -6.56907 -0.143391 4.42141 2.04114 2.91154 2.70947 -0.605842 2.83385 15.4845 -0.102169 0 -1.77128 8.43983 -119.16 -4.83182 -4.35121 -2.07865 1.69418 11.6209 -27.1245 -2.10337 -3.37491 -5.1247 6.04835 -0.345836 6.11358 8.73134 7.14518 -4.36058 16.702 3.96884 -5.63567 -6.78189 -10.0359 -15.0537 9.60017 5.94863 -22.1829 -4.95218 6.28598 29.8555 -13.5816 
3.57869 -0.284097 3.20989 -10.9448 1.70349 -3.35961 20.4122 -5.08583 -15.4324 -2.44058 8.16823 6.83863 12.5321 13.1754 -11.845 9.67844 11.5852 24.4537 4.49661 1.87147 -23.3399 -4.83182 -202.731 12.9408 19.7043 21.739 -13.7231 -0.567609 -2.56378 -3.37272 -28.6525 -30.0688 -2.53196 -14.2308 4.88688 6.45132 -16.3302 7.01836 -1.32615 13.9784 -29.3775 -8.78075 -13.3646 7.35354 5.23486 10.7196 6.05134 -18.8662 15.393 6.86465 
2.23587 17.2195 4.45086 10.0462 10.2206 -0.883156 1.19557 -2.22486 3.85621 -6.72277 -3.20904 -10.9758 7.66599 -7.43269 7.78825 13.6745 0.705251 3.86528 14.9357 -5.47207 -19.38 -4.35121 12.9408 -130.326 -0.492615 4.14757 0.678216 5.1997 10.4283 0.154746 -8.71518 8.70823 -2.78907 4.7167 -21.5837 -8.00163 12.3078 10.7259 26.992 14.5484 -1.39807 -6.43935 -14.193 8.19863 -5.97529 3.0114 -4.7306 -13.8212 -10.6254 17.2732 
1.68349 -5.16556 2.0292 8.34752 -15.2679 -4.00215 2.58777 10.3239 1.64376 2.36156 8.31095 5.42527 4.91215 -4.24102 -0.0275532 -1.68087 -2.31169 -25.9652 9.29493 13.9058 21.0686 -2.07865 19.7043 -0.492615 -134.825 -10.3881 -8.96199 -2.69822 1.7738 -6.43964 4.62424 16.2957 -10.0342 2.12379 -4.31322 -47.8253 -19.446 -2.88422 -21.4569 -5.21635 -4.7158 -20.8657 -9.14655 -6.90142 -18.2731 4.98508 -6.41437 6.20242 -3.53299 6.40443 
0.453242 2.59394 0.405297 6.86558 6.36122 3.91517 -9.27583 -0.948673 3.19616 -2.75762 -3.49852 3.92234 2.31247 2.31921 -2.40344 -13.4415 18.5108 18.6483 16.0728 13.476 36.4045 1.69418 21.739 4.14757 -10.3881 149.399 0.350165 2.74336 -12.5385 -7.99462 -25.3991 -0.448373 -8.11339 -21.5902 -6.27468 15.0734 10.9016 1.44879 4.09871 4.09102 -14.1757 -7.75383 -7.8183 -14.3753 3.06935 12.156 -2.52317 0.172766 -35.6238 9.03871 
0.0504543 -5.90063 -3.57615 -3.45188 10.1866 0.671378 3.0174 -3.32584 0.195712 -1.01852 -8.13147 -3.20277 5.64561 5.66068 -2.3349 0.00109346 13.3722 25.0508 3.97773 5.03065 12.3273 11.6209 -13.7231 0.678216 -8.96199 0.350165 115.684 7.71885 -9.27271 -0.988888 -10.9024 -11.5571 -6.88404 -10.8442 -8.25136 13.0282 5.74127 7.21451 19.4116 7.6986 -6.29628 -14.2084 12.4877 7.28974 11.4766 -4.62737 18.3751 3.2636 -16.1426 18.766 
0.66813 2.12185 -0.796409 -6.06894 3.02457 -8.17064 10.906 1.4483 -0.792225 0.564777 -1.08843 -10.5211 -2.01926 4.08219 7.1451 1.45721 0.262043 2.07565 14.6064 -27.4835 -1.09637 -27.1245 -0.567609 5.1997 -2.69822 2.74336 7.71885 -111.862 10.7744 15.4269 6.52137 -15.0209 -10.8493 -5.76647 -2.08492 2.91585 -17.6378 4.74994 12.0179 2.09574 -25.5098 7.5364 -2.27636 -15.6535 -4.67723 16.8314 -2.95833 3.52492 -15.5862 -6.01984 
0.21326 5.52983 -1.55374 0.701475 1.37885 -3.01596 2.93559 1.04187 6.76755 1.19451 3.45015 0.74319 2.59616 5.36246 -11.9027 6.91674 -5.44114 -2.68766 23.7431 -13.1033 1.23763 -2.10337 -2.56378 10.4283 1.7738 -12.5385 -9.27271 10.7744 152.919 5.88727 3.06507 12.3024 -3.80799 24.7219 -20.4065 -12.116 -7.78722 6.18513 -11.1192 9.35209 -3.09338 10.0795 1.43271 -1.71877 -13.1366 6.33499 -5.2357 -7.70184 -12.6819 -17.993 
-1.61653 -4.70559 3.58596 1.20651 -11.847 -1.19446 -7.05942 -1.30303 6.53955 3.94103 -4.9323 -1.53177 -19.1383 9.31885 -17.2064 -5.68682 -17.0454 0.908005 21.1751 -4.76007 -3.43948 -3.37491 -3.37272 0.154746 -6.43964 -7.99462 -0.988888 15.4269 5.88727 112.404 9.65597 14.781 6.03178 10.8559 12.6202 17.0293 -21.9878 -11.54 3.44977 6.14384 -1.73264 34.2897 18.3484 -16.1265 -8.40915 -2.42491 5.45665 16.3825 12.6052 -13.9421 
0.133856 3.06142 4.73856 -12.5252 -1.31174 -13.4344 1.21054 1.60345 5.50033 -3.65451 -1.81759 0.226289 1.93513 1.61079 -16.6094 -10.4492 -3.83921 2.42198 26.8014 7.95852 1.62816 -5.1247 -28.6525 -8.71518 4.62424 -25.3991 -10.9024 6.52137 3.06507 9.65597 -129.016 19.7076 -21.1377 9.29417 -4.29778 2.47575 -24.6493 14.9151 -6.75066 -13.4561 -9.95111 6.68977 -13.9107 5.71162 -0.855025 -0.518856 11.1781 -4.46503 -12.1396 10.3416 
-0.587612 -7.48003 -7.80126 4.45869 3.09109 -3.33937 2.47046 -2.44648 0.415741 -4.00656 1.2942 -1.61266 -8.37053 14.4514 -3.99889 -2.70311 4.71062 7.7101 6.90899 12.9778 9.18011 6.04835 -30.0688 8.70823 16.2957 -0.448373 -11.5571 -15.0209 12.3024 14.781 19.7076 -149.419 3.48056 -12.1578 12.788 16.5173 -11.8624 3.46891 8.77254 12.6754 7.05613 -13.1913 3.00117 2.68194 2.07947 -9.78659 17.4014 -11.0791 -9.44975 -3.73387 
0.71098 -2.682 -4.65624 4.85332 5.02375 1.17756 0.869856 4.47407 7.07318 -1.57529 -3.76896 -9.75882 1.28619 5.39677 1.52228 6.17183 0.00525071 14.3639 -19.091 -19.2562 -25.4933 -0.345836 -2.53196 -2.78907 -10.0342 -8.11339 -6.88404 -10.8493 -3.80799 6.03178 -21.1377 3.48056 -69.0675 -23.7495 -6.88372 3.85049 -6.6545 -4.3917 25.0794 5.31701 -4.26698 0.0314733 -11.6317 -4.7549 4.37154 -14.5241 -1.44949 -8.43562 -35.3748 26.583 
0.55601 8.45819 9.07576 -4.97351 3.96728 -8.7413 -1.4411 1.87529 2.08342 -5.20062 -2.83768 0.502928 7.65976 2.24757 2.32097 3.9793 -4.59956 4.40738 10.5399 -8.20816 -6.94518 6.11358 -14.2308 4.7167 2.12379 -21.5902 -10.8442 -5.76647 24.7219 10.8559 9.29417 -12.1578 -23.7495 -70.6948 -18.8695 11.1779 -11.4639 -17.1406 11.5794 -27.8149 -34.374 7.90126 -30.9983 5.03058 -6.64504 10.6634 -30.5188 11.1145 -7.07517 33.3424 
-0.0703768 0.741478 4.09335 -8.37465 -4.33833 0.260374 2.57708 -1.28743 -5.29999 3.37332 0.331923 5.02037 6.13512 8.09195 0.00563661 -11.4892 4.2368 0.0875173 6.46219 1.82808 -4.16595 8.73134 4.88688 -21.5837 -4.31322 -6.27468 -8.25136 -2.08492 -20.4065 12.6202 -4.29778 12.788 -6.88372 -18.8695 122.681 10.9586 -18.407 -14.7076 -15.0425 -6.89092 -27.7325 2.92994 -2.68719 -1.19971 15.6284 -6.29695 19.9072 -6.15056 18.9872 -4.18789 
0.116124 3.06444 -2.63535 6.96325 2.96554 -0.167523 2.71604 0.119214 3.34737 -5.86528 -5.31123 -3.159 -1.29671 -4.75192 3.97865 12.6062 -3.78324 4.38182 14.6455 -8.75797 -8.55696 7.14518 6.45132 -8.00163 -47.8253 15.0734 13.0282 2.91585 -12.116 17.0293 2.47575 16.5173 3.85049 11.1779 10.9586 -74.6309 -0.995302 13.9705 20.789 3.59998 21.9764 -9.4636 -19.5683 12.307 -9.01957 -1.29346 -17.8609 5.4581 -17.3513 7.0858 
-0.0522528 -2.40911 -1.78519 2.27947 1.5206 -0.0540806 -2.09851 1.87831 0.101583 3.01293 -0.600964 -5.3616 -1.93529 0.844422 -0.57437 0.360641 1.34287 5.38839 9.07967 6.93736 5.08694 -4.36058 -16.3302 12.3078 -19.446 10.9016 5.74127 -17.6378 -7.78722 -21.9878 -24.6493 -11.8624 -6.6545 -11.4639 -18.407 -0.995302 -42.9831 -12.8157 5.69399 -5.01017 -8.28229 -3.39142 7.42394 -10.1302 11.351 -6.56163 -5.47741 6.09323 -7.86206 -4.91855 
-0.816562 -2.26363 -1.57254 -0.256763 3.71658 -6.20646 2.97667 1.19499 2.59146 3.96651 -1.19642 -0.408169 0.763592 3.93288 -3.57072 -0.726651 -3.52876 1.59211 5.1281 -6.09165 17.6422 16.702 7.01836 10.7259 -2.88422 1.44879 7.21451 4.74994 6.18513 -11.54 14.9151 3.46891 -4.3917 -17.1406 -14.7076 13.9705 -12.8157 -22.9949 -2.18446 9.99486 -12.6098 22.1051 23.5476 -12.2277 -13.3169 -2.61511 2.25677 -0.95401 -10.9663 4.12656 
-0.500614 4.48267 6.25621 -0.527341 -4.38249 7.02541 -6.8615 -1.12544 4.44084 -0.55278 -3.57441 8.25531 2.11647 -0.619289 -7.4582 -5.026 -1.0575 -3.3631 -4.2995 16.6265 12.9622 3.96884 -1.32615 26.992 -21.4569 4.09871 19.4116 12.0179 -11.1192 3.44977 -6.75066 8.77254 25.0794 11.5794 -15.0425 20.789 5.69399 -2.18446 117.405 2.88306 11.853 6.48727 -7.61418 -3.24663 -11.5403 7.6269 3.1958 -14.1224 -5.38509 14.4676 
-0.814841 -3.20672 -3.58065 0.405832 -1.78597 -0.827502 -8.62007 1.25453 -0.576691 4.9839 -0.970912 -3.10056 -12.5822 -3.93589 -3.77823 -1.57082 2.65543 0.985223 -22.3108 5.4089 -2.61903 -5.63567 13.9784 14.5484 -5.21635 4.09102 7.6986 2.09574 9.35209 6.14384 -13.4561 12.6754 5.31701 -27.8149 -6.89092 3.59998 -5.01017 9.99486 2.88306 -11.0328 -0.172904 -3.1915 14.7848 -24.1208 8.13056 15.4414 -11.259 29.4059 -10.6784 -24.6843 
-0.396698 -3.9258 -2.77899 4.42229 1.27723 -7.94937 3.97355 1.59332 4.84846 -0.230252 -1.00526 0.353436 -6.85408 3.29392 -3.88204 1.87093 -8.26985 -2.19733 15.8227 24.6017 13.1392 -6.78189 -29.3775 -1.39807 -4.7158 -14.1757 -6.29628 -25.5098 -3.09338 -1.73264 -9.95111 7.05613 -4.26698 -34.374 -27.7325 21.9764 -8.28229 -12.6098 11.853 -0.172904 111.645 15.1195 8.0182 -9.34852 -16.2046 -4.72456 -22.1654 1.89721 -9.99182 5.62756 
0.300055 -0.109394 0.713091 0.763566 1.03896 -2.44036 4.23414 0.188443 1.24645 -0.827826 0.0698929 -1.56436 -2.22338 1.73987 -0.926071 -0.694901 -1.63583 -0.682643 6.63355 8.18964 -12.1636 -10.0359 -8.78075 -6.43935 -20.8657 -7.75383 -14.2084 7.5364 10.0795 34.2897 6.68977 -13.1913 0.0314733 7.90126 2.92994 -9.4636 -3.39142 22.1051 6.48727 -3.1915 15.1195 -81.1617 4.76413 9.76432 -5.98106 -4.72854 -2.65763 -2.34436 4.87392 3.76224 
-0.220151 5.40904 2.39922 -2.08219 -2.26207 2.25389 0.580502 -3.26135 -1.78139 -2.97674 -0.160974 4.33074 6.78833 2.76573 1.00913 0.204617 1.50894 0.147982 2.90948 -25.7207 -23.6509 -15.0537 -13.3646 -14.193 -9.14655 -7.8183 12.4877 -2.27636 1.43271 18.3484 -13.9107 3.00117 -11.6317 -30.9983 -2.68719 -19.5683 7.42394 23.5476 -7.61418 14.7848 8.0182 4.76413 47.539 17.2067 -1.61815 0.818935 15.6624 -12.6293 7.66142 17.4283 
0.127082 3.79069 2.74802 0.774347 0.853087 0.898756 -5.88536 -1.06127 -0.100779 -1.22156 5.87021 -1.20699 -1.73133 2.9057 -3.20667 -3.42294 2.39498 2.2856 16.0189 6.61208 13.0438 9.60017 7.35354 8.19863 -6.90142 -14.3753 7.28974 -15.6535 -1.71877 -16.1265 5.71162 2.68194 -4.7549 5.03058 -1.19971 12.307 -10.1302 -12.2277 -3.24663 -24.1208 -9.34852 9.76432 17.2067 68.696 11.0247 -3.67168 14.493 -12.7396 14.0075 -4.18751 
0.0253325 4.23774 0.905742 -0.0394225 -5.40077 6.21671 3.20217 0.079178 -1.37657 0.23589 -5.89448 2.54732 7.52365 -0.683708 3.82141 -1.72509 2.07379 1.05445 7.64124 -3.92416 -5.38307 5.94863 5.23486 -5.97529 -18.2731 3.06935 11.4766 -4.67723 -13.1366 -8.40915 -0.855025 2.07947 4.37154 -6.64504 15.6284 -9.01957 11.351 -13.3169 -11.5403 8.13056 -16.2046 -5.98106 -1.61815 11.0247 70.118 -2.84405 15.7393 -3.91383 -5.02846 3.60305 
-0.101343 3.14515 -0.658011 -0.262023 2.55825 -0.58867 0.315384 0.557081 -0.137844 0.517384 0.717952 0.4931 2.70275 0.71761 1.01425 0.363502 1.24 0.620144 -32.1924 -11.9185 0.236689 -22.1829 10.7196 3.0114 4.98508 12.156 -4.62737 16.8314 6.33499 -2.42491 -0.518856 -9.78659 -14.5241 10.6634 -6.29695 -1.29346 -6.56163 -2.61511 7.6269 15.4414 -4.72456 -4.72854 0.818935 -3.67168 -2.84405 -39.7752 8.25478 -4.45147 -0.426875 0.40057 
0.196781 -1.56493 0.684892 -1.65437 -0.0272564 1.16014 0.732401 0.550458 -1.36928 1.36049 -1.63492 0.270453 5.0893 -2.30509 3.71881 1.10373 0.0199046 -0.129648 14.2817 -4.72022 17.0584 -4.95218 6.05134 -4.7306 -6.41437 -2.52317 18.3751 -2.95833 -5.2357 5.45665 11.1781 17.4014 -1.44949 -30.5188 19.9072 -17.8609 -5.47741 2.25677 3.1958 -11.259 -22.1654 -2.65763 15.6624 14.493 15.7393 8.25478 -42.0764 3.38023 -1.73465 -0.70299 
-0.481978 3.52729 -2.76952 -3.24432 3.71899 -3.09422 4.9229 -1.04735 -0.0266519 0.457321 -1.66374 0.146452 0.396497 0.243515 -0.80672 0.734428 0.204106 0.184132 5.91081 -9.64269 -12.9922 6.28598 -18.8662 -13.8212 6.20242 0.172766 3.2636 3.52492 -7.70184 16.3825 -4.46503 -11.0791 -8.43562 11.1145 -6.15056 5.4581 6.09323 -0.95401 -14.1224 29.4059 1.89721 -2.34436 -12.6293 -12.7396 -3.91383 -4.45147 3.38023 84.0175 -4.15209 3.62951 
0.782984 -1.64165 0.533935 2.92101 -1.58217 2.01442 0.37492 0.558297 -0.797085 -0.590835 -0.113839 -1.26638 0.140233 -0.0999272 -0.0563387 0.390381 0.143656 0.00182516 20.6867 0.815613 -20.3481 29.8555 15.393 -10.6254 -3.53299 -35.6238 -16.1426 -15.5862 -12.6819 12.6052 -12.1396 -9.44975 -35.3748 -7.07517 18.9872 -17.3513 -7.86206 -10.9663 -5.38509 -10.6784 -9.99182 4.87392 7.66142 14.0075 -5.02846 -0.426875 -1.73465 -4.15209 9.0466 -0.0443742 
-0.115639 0.768278 -1.72027 -0.215528 2.89877 -2.29268 0.495757 0.372334 0.575628 0.317857 1.41125 -1.31243 -0.0837337 0.171556 0.00737536 0.232022 0.0777322 0 10.6904 19.3712 -3.20273 -13.5816 6.86465 17.2732 6.40443 9.03871 18.766 -6.01984 -17.993 -13.9421 10.3416 -3.73387 26.583 33.3424 -4.18789 7.0858 -4.91855 4.12656 14.4676 -24.6843 5.62756 3.76224 17.4283 -4.18751 3.60305 0.40057 -0.70299 3.62951 -0.0443742 31.2797 
