2552.24 -0.00200247 0.0131332 0.0263682 -0.05133 0.0567074 0.00981151 0.00533131 -0.0158756 -0.00478446 -0.0328037 -0.0308486 -0.00198939 0.0160956 -0.0231108 0.0491726 0.00220751 0.0364696 0.00649859 -0.0449043 0.0370645 0.0446249 0.0172689 -0.0134446 -0.0105681 -0.0412241 0.00586461 -0.0147794 0.00278491 -0.0654838 -0.0290171 0.0130127 0.0169122 -0.00375306 0.0252687 0.0106981 -0.000789296 -0.000959194 0.00760366 0.00365525 0.00225425 0.00785015 -0.010109 -0.0314533 0.0161561 -0.000395725 0.00626522 0.0116246 -0.000942461 -0.00465117 
-0.00200247 -273.314 6.19844 -11.6759 8.09716 -3.90297 12.5273 -4.98863 -3.18598 -5.45208 5.1154 1.36173 -2.95716 12.2265 0.777084 -1.84351 -3.06789 5.33364 1.19885 1.52542 3.66305 2.75311 0.457543 2.47237 0.63297 -6.79119 0.0635984 0.880401 0.47583 -6.34337 -3.22054 -1.71901 -0.494594 -1.60436 0.0275535 -0.461682 0.0693722 0.20283 0.161437 0.134349 0.760445 0.341634 -0.383768 -2.09016 1.42947 0.280465 0.300729 1.87858 -0.15538 -0.0620418 
0.0131332 6.19844 -323.199 5.69637 -2.52626 4.17536 -5.63826 2.49129 -0.751191 2.33715 2.02376 -1.61464 -5.12317 1.81453 -5.68352 -3.66655 -1.21713 0.602773 2.54861 1.23288 0.18749 2.35259 -1.71111 -0.0727211 -1.20752 -1.68915 1.45034 -2.7175 -1.84675 -1.24675 -1.09602 0.47285 0.760591 0.406057 0.0628203 0.596007 -0.137773 0.271814 -0.599952 -0.165341 0.119018 0.303782 0.201742 -0.272065 -0.112793 0.077306 0.190139 0.220945 0.136352 -0.444264 
0.0263682 -11.6759 5.69637 276.36 -10.6864 4.54391 -5.47427 -6.35458 1.9915 -1.90326 -8.9426 -2.38803 -5.91327 -2.79344 -4.08558 1.1716 -3.60887 3.39901 3.3108 5.78799 -1.06346 3.42661 -3.55402 -1.65528 -0.104871 -3.43373 0.373891 -3.29081 -1.45669 -1.99078 -1.25008 0.022111 0.978129 0.540122 -0.358207 -0.0489659 -0.53352 0.0455418 -0.442859 -0.526166 -0.361897 0.00292736 0.683092 0.89452 -0.510782 0.14959 0.159554 -0.845371 0.446276 -0.436419 
-0.05133 8.09716 -2.52626 -10.6864 -331.229 -2.26688 -3.42403 2.40389 -2.12601 3.1482 1.46269 3.25976 0.429 -0.968996 0.654145 -1.8542 -0.75377 -2.05096 0.837007 2.28892 0.652675 -1.71787 -1.46156 -0.367934 0.366037 0.934384 0.427728 0.828127 -0.0993089 1.30886 0.994118 -0.452539 -0.0784297 0.321232 1.08803 0.537369 0.314676 -0.147672 -0.226822 -0.141039 0.333845 -0.0963421 -0.331027 -0.42239 0.295934 -0.18878 -0.0315105 0.441635 -0.107805 0.245615 
0.0567074 -3.90297 4.17536 4.54391 -2.26688 -263.603 8.09333 2.49115 4.01095 -6.1063 8.14914 -0.797667 -5.27608 -4.06415 11.2003 -11.401 -9.69842 -8.25563 -13.4831 12.481 -6.24774 -11.156 -4.53992 0.29028 5.43431 7.19619 -3.19335 7.67573 -1.19483 9.19201 3.83187 -3.75674 -2.87836 -0.221445 -2.28889 -1.78614 -0.46687 0.325929 -2.25089 -1.26266 -0.16358 -1.97595 2.41741 5.29175 -2.70843 0.103892 -0.681915 -1.38431 0.66352 1.23197 
0.00981151 12.5273 -5.63826 -5.47427 -3.42403 8.09333 -279.952 -2.14166 7.92705 2.60284 -2.97336 -0.50775 3.7149 -9.60688 0.903522 1.50639 3.68128 -3.63353 -2.07374 0.291943 -6.32994 -4.22962 1.18998 -0.21174 0.275403 6.8212 -1.22352 -0.18301 -0.786521 8.43824 3.22658 0.200089 0.171727 1.23191 -2.90941 -0.457472 -0.50097 0.386749 -0.13088 -0.392946 -0.959877 -0.897654 1.29476 4.72548 -2.65453 0.127579 -0.839118 -2.86014 0.279902 0.298783 
0.00533131 -4.98863 2.49129 -6.35458 2.40389 2.49115 -2.14166 -362.867 -0.322789 -0.371952 -0.533426 0.69374 1.63785 -0.903147 0.0416691 0.959412 0.91581 -0.349846 -0.244837 -0.9041 0.435329 -0.587321 -0.317414 0.0691668 -0.258604 0.0103602 -0.0136707 0.0123485 0.612811 -0.0940459 0.498222 0.324846 -0.0769385 -0.0550722 0.354841 -0.204173 0.337035 -0.247173 0.105533 0.288091 -0.0039565 0.0473649 -0.170125 -0.24042 0.202742 -0.102447 0.024426 0.105293 -0.0727821 0.0379352 
-0.0158756 -3.18598 -0.751191 1.9915 -2.12601 4.01095 7.92705 -0.322789 379.548 -0.0209962 -0.6026 -2.33269 -2.55882 -0.759703 -0.0955019 -0.599749 -2.29981 -0.0868427 0.944799 1.7845 -0.844011 -1.16488 -0.323944 -0.10227 0.544714 0.296377 -0.419344 -0.680666 -0.446961 0.132975 1.30535 -0.690729 -0.254165 0.153966 -0.486266 -0.729015 -0.11876 0.15159 -0.145366 -0.224884 -0.129465 -0.437278 0.393952 0.751809 -0.432376 0.0880641 -0.0532253 -0.321106 0.170067 0.00759865 
-0.00478446 -5.45208 2.33715 -1.90326 3.1482 -6.1063 2.60284 -0.371952 -0.0209962 323.013 4.66221 -0.34837 0.0172109 -1.41546 0.858987 -1.05103 0.670899 -1.33842 -0.503651 -0.16735 -1.24439 -0.978362 1.02167 1.21478 -0.180682 2.05111 -0.0573391 0.550459 -0.0798382 1.51166 0.54231 -0.272695 -0.126904 0.521453 -0.288121 0.325508 -0.168917 0.455232 0.0274101 -0.314357 -0.112019 -0.200889 0.164001 0.924437 -0.608299 0.0474112 -0.132913 -0.487573 0.023972 0.0255385 
-0.0328037 5.1154 2.02376 -8.9426 1.46269 8.14914 -2.97336 -0.533426 -0.6026 4.66221 -287.973 0.310499 1.71617 -1.18712 -0.330758 0.983819 0.767834 -0.181381 1.30771 -0.743737 -0.215783 -0.179778 1.29374 -0.20753 0.0443913 0.766088 0.0119217 -0.699426 0.46884 0.997072 0.42062 0.162334 0.071797 0.0758001 -0.223207 -0.319449 0.0680395 -0.119598 0.140022 -0.0952144 -0.0933324 -0.081838 -0.0939346 0.0495374 -0.0502686 -0.0278276 -0.0493621 -0.185235 -0.0520339 -0.00549334 
-0.0308486 1.36173 -1.61464 -2.38803 3.25976 -0.797667 -0.50775 0.69374 -2.33269 -0.34837 0.310499 312.915 6.76544 -0.760201 0.523246 -1.799 2.72807 -3.602 -1.28779 -3.30888 1.45472 -1.05404 0.260002 0.422673 -0.844661 3.17915 0.0810314 0.586255 1.09109 1.62611 -0.307834 0.533429 0.0369812 -0.0534887 1.27471 0.463859 0.663474 -0.360783 0.0329378 0.283292 0.332286 0.338151 -0.866992 -1.46906 0.885046 -0.238715 -0.0311891 0.702121 -0.21019 0.132643 
-0.00198939 -2.95716 -5.12317 -5.91327 0.429 -5.27608 3.7149 1.63785 -2.55882 0.0172109 1.71617 6.76544 220.188 -6.7796 -3.9466 -3.02761 -0.918993 0.986196 0.767582 3.71107 2.3534 0.753595 -2.57137 -0.998503 -1.60704 0.911925 3.17502 1.11562 0.762756 -0.364294 -2.13467 0.474979 0.120511 -0.452524 1.74406 0.948675 0.850156 -0.825466 -0.975835 0.312416 0.95913 0.517395 -0.477756 -1.53958 0.976511 -0.351089 0.162391 1.1474 -0.127356 0.137568 
0.0160956 12.2265 1.81453 -2.79344 -0.968996 -4.06415 -9.60688 -0.903147 -0.759703 -1.41546 -1.18712 -0.760201 -6.7796 251.764 -1.14474 -0.307085 -0.120768 11.8474 3.11713 2.48065 0.915575 5.37195 -0.0529817 -1.58404 0.894373 -10.9981 -0.0286984 -2.55521 0.679718 -4.02409 -3.51194 0.582766 0.24847 -0.732817 -1.25637 0.159413 -0.267749 -0.21806 0.473674 0.242039 0.60237 0.660623 0.0323998 -0.494179 0.188192 0.00584094 0.261331 0.463599 -0.0342518 -0.216583 
-0.0231108 0.777084 -5.68352 -4.08558 0.654145 11.2003 0.903522 0.0416691 -0.0955019 0.858987 -0.330758 0.523246 -3.9466 -1.14474 -199.154 3.07694 -1.28083 -2.05622 -7.04491 0.0479445 -8.79972 -3.75691 -9.92165 -0.877436 0.027846 -1.84993 -1.82196 2.44172 -2.13652 10.1063 2.05926 -0.452166 -1.54826 1.00226 -2.78461 -0.422855 -0.855273 0.793932 0.575123 -0.868546 -1.49949 -1.08169 2.19644 6.36358 -3.55583 0.464562 -0.762881 -4.00947 0.451704 0.099189 
0.0491726 -1.84351 -3.66655 1.1716 -1.8542 -11.401 1.50639 0.959412 -0.599749 -1.05103 0.983819 -1.799 -3.02761 -0.307085 3.07694 263.905 -3.62751 6.85947 0.702577 -1.68789 -0.795794 4.43215 0.146784 -2.22715 0.468202 -6.19028 -1.48299 -0.12696 1.78897 -3.28991 -1.55542 0.129342 0.376228 -0.556358 -1.56686 0.679826 -0.633864 -0.281149 0.5608 -0.122148 -0.0355825 0.491455 0.57134 0.549858 -0.192633 0.0804139 0.0620006 -0.369587 0.0131315 -0.112346 
0.00220751 -3.06789 -1.21713 -3.60887 -0.75377 -9.69842 3.68128 0.91581 -2.29981 0.670899 0.767834 2.72807 -0.918993 -0.120768 -1.28083 -3.62751 -224.524 -7.55397 -3.28133 -1.5638 -3.71171 -3.43703 -1.68268 -2.98103 0.803841 6.35982 -2.52613 1.99712 1.11813 4.32194 2.41033 -0.454815 -1.37801 0.416427 -1.15293 -0.943651 -0.258865 0.00573539 -0.3707 -0.424093 -0.886548 -0.659199 0.705708 2.45682 -1.42545 0.16972 -0.434419 -1.64493 0.166379 0.130372 
0.0364696 5.33364 0.602773 3.39901 -2.05096 -8.25563 -3.63353 -0.349846 -0.0868427 -1.33842 -0.181381 -3.602 0.986196 11.8474 -2.05622 6.85947 -7.55397 228.496 8.25087 -0.178422 0.453016 14.7602 -0.194325 -3.56662 -1.1955 -0.943945 1.49124 -3.81096 -1.0383 -2.19893 -10.2029 0.701893 2.49668 -0.555722 -1.04585 2.28727 -0.0508472 0.324451 -0.74531 0.189201 0.137276 3.03872 0.014112 -0.338028 -0.163564 -0.14935 0.272786 0.198833 -0.35088 -0.243154 
0.00649859 1.19885 2.54861 3.3108 0.837007 -13.4831 -2.07374 -0.244837 0.944799 -0.503651 1.30771 -1.28779 0.767582 3.11713 -7.04491 0.702577 -3.28133 8.25087 -260.113 -1.45785 -9.42063 -3.82418 1.38934 -2.60013 1.21044 -0.429192 -3.50641 3.2364 -0.0470523 7.45781 3.32586 -0.187371 -2.12191 0.899189 -4.43731 -1.6282 -1.07744 -0.210358 0.338823 -0.656953 -1.63605 -1.42406 2.38284 6.71181 -3.77092 0.57965 -0.89417 -4.11568 0.473418 -0.00751182 
-0.0449043 1.52542 1.23288 5.78799 2.28892 12.481 0.291943 -0.9041 1.7845 -0.16735 -0.743737 -3.30888 3.71107 2.48065 0.0479445 -1.68789 -1.5638 -0.178422 -1.45785 272.347 -1.0892 -1.7244 -1.01516 0.995729 0.781157 0.0937361 0.55974 -0.612126 -0.581448 2.54303 1.15173 -0.694495 0.167177 0.186966 -0.535515 -0.975769 0.0790379 0.310547 0.159147 -0.0341205 -0.139737 -0.38675 0.220748 0.826553 -0.482126 0.0586632 -0.114143 -0.475511 0.0800978 0.0131621 
0.0370645 3.66305 0.18749 -1.06346 0.652675 -6.24774 -6.32994 0.435329 -0.844011 -1.24439 -0.215783 1.45472 2.3534 0.915575 -8.79972 -0.795794 -3.71171 0.453016 -9.42063 -1.0892 89.5975 -2.04777 -5.22117 0.801868 5.44542 -3.434 11.0206 0.294038 -2.18721 -6.59657 2.7107 2.23344 -4.67375 -1.65217 4.12602 -2.27857 3.55917 -3.89067 -2.05548 5.13351 1.13523 1.64181 -0.962462 0.968905 -1.23355 -0.511834 0.116936 0.0467677 0.0419407 0.0182083 
0.0446249 2.75311 2.35259 3.42661 -1.71787 -11.156 -4.22962 -0.587321 -1.16488 -0.978362 -0.179778 -1.05404 0.753595 5.37195 -3.75691 4.43215 -3.43703 14.7602 -3.82418 -1.7244 -2.04777 -155.531 0.727605 0.190867 2.05294 2.04387 -3.7128 -1.90564 -3.04641 15.8609 3.45139 -1.67952 -0.0252995 0.150706 4.22582 0.513966 -0.0985142 0.40422 1.01201 -0.999827 0.573173 -0.0605437 0.0232337 -0.0269364 0.128205 -0.0346788 0.00487842 0.024807 0.00152933 0 
0.0172689 0.457543 -1.71111 -3.55402 -1.46156 -4.53992 1.18998 -0.317414 -0.323944 1.02167 1.29374 0.260002 -2.57137 -0.0529817 -9.92165 0.146784 -1.68268 -0.194325 1.38934 -1.01516 -5.22117 0.727605 -231.704 0.441171 0.15657 -0.324233 -0.0173394 0.0210619 -0.0589697 0 1.40248 2.60466 -0.264817 -1.10299 1.84828 -1.55595 -2.53445 2.50901 -10.447 4.04234 0.224009 -1.70643 -1.32077 -1.88402 -5.20864 2.43322 3.60377 4.16711 1.35677 -0.379326 
-0.0134446 2.47237 -0.0727211 -1.65528 -0.367934 0.29028 -0.21174 0.0691668 -0.10227 1.21478 -0.20753 0.422673 -0.998503 -1.58404 -0.877436 -2.22715 -2.98103 -3.56662 -2.60013 0.995729 0.801868 0.190867 0.441171 -157.888 -4.30227 -3.34146 -4.29904 2.86905 -4.99404 0.524809 -1.80295 7.08347 -2.46949 -0.99371 -2.63174 -6.60795 4.83782 -0.211907 6.93658 4.31484 -4.19317 -3.15132 1.69003 -6.61758 3.76877 -0.432528 1.45076 -4.49937 -1.64095 -1.20005 
-0.0105681 0.63297 -1.20752 -0.104871 0.366037 5.43431 0.275403 -0.258604 0.544714 -0.180682 0.0443913 -0.844661 -1.60704 0.894373 0.027846 0.468202 0.803841 -1.1955 1.21044 0.781157 5.44542 2.05294 0.15657 -4.30227 -154.974 -0.874486 1.02122 1.29364 2.81829 6.45919 1.33046 -0.819844 -0.233216 -1.14618 -0.861966 2.37634 1.63505 2.49414 5.20046 -0.132267 2.15175 -1.61421 -1.70899 0.331491 1.87072 -5.17652 -0.149045 -1.59817 -1.15116 3.29234 
-0.0412241 -6.79119 -1.68915 -3.43373 0.934384 7.19619 6.8212 0.0103602 0.296377 2.05111 0.766088 3.17915 0.911925 -10.9981 -1.84993 -6.19028 6.35982 -0.943945 -0.429192 0.0937361 -3.434 2.04387 -0.324233 -3.34146 -0.874486 167.536 -10.7593 -1.03938 -1.39349 -8.06016 2.72695 9.60058 -0.0122422 -0.510635 -7.25322 -1.30777 -3.09563 0.373625 0.965157 1.32769 -3.60872 -2.88183 1.15024 -2.48706 2.18289 2.97374 3.06154 2.97903 -4.21654 -0.813569 
0.00586461 0.0635984 1.45034 0.373891 0.427728 -3.19335 -1.22352 -0.0136707 -0.419344 -0.0573391 0.0119217 0.0810314 3.17502 -0.0286984 -1.82196 -1.48299 -2.52613 1.49124 -3.50641 0.55974 11.0206 -3.7128 -0.0173394 -4.29904 1.02122 -10.7593 138.629 -3.23176 -11.8935 6.69456 0.143993 3.85957 7.03065 -3.01553 -0.0144615 3.59116 5.21034 1.02057 0.566315 -7.5196 1.92985 0.12229 -0.265789 1.02875 -0.793029 -3.6327 -1.44247 -7.52187 -5.24936 0.319876 
-0.0147794 0.880401 -2.7175 -3.29081 0.828127 7.67573 -0.18301 0.0123485 -0.680666 0.550459 -0.699426 0.586255 1.11562 -2.55521 2.44172 -0.12696 1.99712 -3.81096 3.2364 -0.612126 0.294038 -1.90564 0.0210619 2.86905 1.29364 -1.03938 -3.23176 -141.708 -1.28914 0.867156 -3.97538 -0.526413 -6.21282 -16.8112 3.31021 -4.22073 -2.16792 -0.466918 -5.94662 0.5965 7.60894 -8.38043 1.59121 -0.933349 -2.62751 5.95182 2.2386 -2.12694 0.506135 -2.06004 
0.00278491 0.47583 -1.84675 -1.45669 -0.0993089 -1.19483 -0.786521 0.612811 -0.446961 -0.0798382 0.46884 1.09109 0.762756 0.679718 -2.13652 1.78897 1.11813 -1.0383 -0.0470523 -0.581448 -2.18721 -3.04641 -0.0589697 -4.99404 2.81829 -1.39349 -11.8935 -1.28914 179.106 -4.53672 -2.09315 -7.79669 0.5017 -4.59632 -5.99791 1.19715 -0.433504 6.93529 0.332088 -0.740247 -1.21081 1.71728 1.28189 1.31806 0.59254 -1.10847 1.2143 2.24303 -0.350915 0.974098 
-0.0654838 -6.34337 -1.24675 -1.99078 1.30886 9.19201 8.43824 -0.0940459 0.132975 1.51166 0.997072 1.62611 -0.364294 -4.02409 10.1063 -3.28991 4.32194 -2.19893 7.45781 2.54303 -6.59657 15.8609 0 0.524809 6.45919 -8.06016 6.69456 0.867156 -4.53672 117.014 13.7655 2.74923 -12.1504 -1.54444 -2.41938 -9.26707 -2.02505 -0.932091 8.66469 7.21513 -1.59225 -7.72983 -3.3949 -12.7197 1.25045 2.12319 3.42353 -1.71577 6.12276 -0.178658 
-0.0290171 -3.22054 -1.09602 -1.25008 0.994118 3.83187 3.22658 0.498222 1.30535 0.54231 0.42062 -0.307834 -2.13467 -3.51194 2.05926 -1.55542 2.41033 -10.2029 3.32586 1.15173 2.7107 3.45139 1.40248 -1.80295 1.33046 2.72695 0.143993 -3.97538 -2.09315 13.7655 -119.873 -0.687845 -7.49705 6.11309 -2.45431 -0.255276 -1.74116 -0.0480759 8.67845 1.27455 -6.61521 -3.87423 -3.90259 -1.57321 2.40332 -2.56961 -0.882132 2.23903 0.403138 2.85306 
0.0130127 -1.71901 0.47285 0.022111 -0.452539 -3.75674 0.200089 0.324846 -0.690729 -0.272695 0.162334 0.533429 0.474979 0.582766 -0.452166 0.129342 -0.454815 0.701893 -0.187371 -0.694495 2.23344 -1.67952 2.60466 7.08347 -0.819844 9.60058 3.85957 -0.526413 -7.79669 2.74923 -0.687845 -170.788 2.35623 0.368012 -1.12312 3.32292 -1.70647 2.90216 -6.60909 -4.82087 0.813833 2.00196 -0.143003 1.40819 -2.57332 0.426508 -1.30431 0.460482 -0.223981 -0.760421 
0.0169122 -0.494594 0.760591 0.978129 -0.0784297 -2.87836 0.171727 -0.0769385 -0.254165 -0.126904 0.071797 0.0369812 0.120511 0.24847 -1.54826 0.376228 -1.37801 2.49668 -2.12191 0.167177 -4.67375 -0.0252995 -0.264817 -2.46949 -0.233216 -0.0122422 7.03065 -6.21282 0.5017 -12.1504 -7.49705 2.35623 -70.0182 10.7124 0.0847384 3.41168 -9.86608 -9.59111 3.29009 3.95073 -0.749107 7.57142 -6.79506 -1.72807 -4.332 14.7509 -0.425337 9.84254 4.00836 2.00869 
-0.00375306 -1.60436 0.406057 0.540122 0.321232 -0.221445 1.23191 -0.0550722 0.153966 0.521453 0.0758001 -0.0534887 -0.452524 -0.732817 1.00226 -0.556358 0.416427 -0.555722 0.899189 0.186966 -1.65217 0.150706 -1.10299 -0.99371 -1.14618 -0.510635 -3.01553 -16.8112 -4.59632 -1.54444 6.11309 0.368012 10.7124 -96.0183 -0.488873 -0.229607 -1.78054 -0.426914 -2.52677 6.77033 -2.76133 -0.683974 1.59167 -4.86978 1.80788 0.515721 1.9345 -3.28836 0.068581 -3.63362 
0.0252687 0.0275535 0.0628203 -0.358207 1.08803 -2.28889 -2.90941 0.354841 -0.486266 -0.288121 -0.223207 1.27471 1.74406 -1.25637 -2.78461 -1.56686 -1.15293 -1.04585 -4.43731 -0.535515 4.12602 4.22582 1.84828 -2.63174 -0.861966 -7.25322 -0.0144615 3.31021 -5.99791 -2.41938 -2.45431 -1.12312 0.0847384 -0.488873 162.816 -15.6841 -8.71282 0.13288 -2.13241 0.635924 4.3971 -12.3502 5.547 -2.19271 -3.27467 8.51911 3.24306 0.241385 6.5785 -2.82444 
0.0106981 -0.461682 0.596007 -0.0489659 0.537369 -1.78614 -0.457472 -0.204173 -0.729015 0.325508 -0.319449 0.463859 0.948675 0.159413 -0.422855 0.679826 -0.943651 2.28727 -1.6282 -0.975769 -2.27857 0.513966 -1.55595 -6.60795 2.37634 -1.30777 3.59116 -4.22073 1.19715 -9.26707 -0.255276 3.32292 3.41168 -0.229607 -15.6841 -66.4802 -2.7786 -6.54128 -13.5166 3.25442 2.02896 -5.47953 5.42524 -7.77897 -1.84027 4.28481 0.83478 -3.1871 1.03008 -7.34262 
-0.000789296 0.0693722 -0.137773 -0.53352 0.314676 -0.46687 -0.50097 0.337035 -0.11876 -0.168917 0.0680395 0.663474 0.850156 -0.267749 -0.855273 -0.633864 -0.258865 -0.0508472 -1.07744 0.0790379 3.55917 -0.0985142 -2.53445 4.83782 1.63505 -3.09563 5.21034 -2.16792 -0.433504 -2.02505 -1.74116 -1.70647 -9.86608 -1.78054 -8.71282 -2.7786 -57.1677 0.0520433 2.47651 -5.43442 -4.03021 1.09495 4.50961 -0.971439 -2.55606 2.4578 -3.29294 -1.22623 0.754552 -2.24164 
-0.000959194 0.20283 0.271814 0.0455418 -0.147672 0.325929 0.386749 -0.247173 0.15159 0.455232 -0.119598 -0.360783 -0.825466 -0.21806 0.793932 -0.281149 0.00573539 0.324451 -0.210358 0.310547 -3.89067 0.40422 2.50901 -0.211907 2.49414 0.373625 1.02057 -0.466918 6.93529 -0.932091 -0.0480759 2.90216 -9.59111 -0.426914 0.13288 -6.54128 0.0520433 -21.6391 -0.104195 11.5787 -1.69131 -1.19041 0.864165 -5.61876 1.17057 0.653071 0.37349 -2.28005 -1.13353 -3.72878 
0.00760366 0.161437 -0.599952 -0.442859 -0.226822 -2.25089 -0.13088 0.105533 -0.145366 0.0274101 0.140022 0.0329378 -0.975835 0.473674 0.575123 0.5608 -0.3707 -0.74531 0.338823 0.159147 -2.05548 1.01201 -10.447 6.93658 5.20046 0.965157 0.566315 -5.94662 0.332088 8.66469 8.67845 -6.60909 3.29009 -2.52677 -2.13241 -13.5166 2.47651 -0.104195 132.995 4.47322 -0.692724 -4.32419 -0.191235 -1.94169 0.608932 -0.776006 1.01867 0.694519 0.47002 0.318073 
0.00365525 0.134349 -0.165341 -0.526166 -0.141039 -1.26266 -0.392946 0.288091 -0.224884 -0.314357 -0.0952144 0.283292 0.312416 0.242039 -0.868546 -0.122148 -0.424093 0.189201 -0.656953 -0.0341205 5.13351 -0.999827 4.04234 4.31484 -0.132267 1.32769 -7.5196 0.5965 -0.740247 7.21513 1.27455 -4.82087 3.95073 6.77033 0.635924 3.25442 -5.43442 11.5787 4.47322 -17.7322 0.838333 4.1126 -1.25231 4.78481 -5.33994 -0.520846 -3.69742 -0.0506588 -2.96322 -3.5394 
0.00225425 0.760445 0.119018 -0.361897 0.333845 -0.16358 -0.959877 -0.0039565 -0.129465 -0.112019 -0.0933324 0.332286 0.95913 0.60237 -1.49949 -0.0355825 -0.886548 0.137276 -1.63605 -0.139737 1.13523 0.573173 0.224009 -4.19317 2.15175 -3.60872 1.92985 7.60894 -1.21081 -1.59225 -6.61521 0.813833 -0.749107 -2.76133 4.3971 2.02896 -4.03021 -1.69131 -0.692724 0.838333 133.287 -2.69917 2.69433 -0.683155 -0.197819 1.57416 0.429701 -1.5057 0.0891252 -1.36522 
0.00785015 0.341634 0.303782 0.00292736 -0.0963421 -1.97595 -0.897654 0.0473649 -0.437278 -0.200889 -0.081838 0.338151 0.517395 0.660623 -1.08169 0.491455 -0.659199 3.03872 -1.42406 -0.38675 1.64181 -0.0605437 -1.70643 -3.15132 -1.61421 -2.88183 0.12229 -8.38043 1.71728 -7.72983 -3.87423 2.00196 7.57142 -0.683974 -12.3502 -5.47953 1.09495 -1.19041 -4.32419 4.1126 -2.69917 -84.1067 1.76104 0.297988 -1.71083 1.41329 -0.165652 -1.5581 -1.22553 -2.64635 
-0.010109 -0.383768 0.201742 0.683092 -0.331027 2.41741 1.29476 -0.170125 0.393952 0.164001 -0.0939346 -0.866992 -0.477756 0.0323998 2.19644 0.57134 0.705708 0.014112 2.38284 0.220748 -0.962462 0.0232337 -1.32077 1.69003 -1.70899 1.15024 -0.265789 1.59121 1.28189 -3.3949 -3.90259 -0.143003 -6.79506 1.59167 5.547 5.42524 4.50961 0.864165 -0.191235 -1.25231 2.69433 1.76104 44.3309 -1.9252 -0.644418 -1.91215 -5.54977 0.422811 -0.874182 -1.10643 
-0.0314533 -2.09016 -0.272065 0.89452 -0.42239 5.29175 4.72548 -0.24042 0.751809 0.924437 0.0495374 -1.46906 -1.53958 -0.494179 6.36358 0.549858 2.45682 -0.338028 6.71181 0.826553 0.968905 -0.0269364 -1.88402 -6.61758 0.331491 -2.48706 1.02875 -0.933349 1.31806 -12.7197 -1.57321 1.40819 -1.72807 -4.86978 -2.19271 -7.77897 -0.971439 -5.61876 -1.94169 4.78481 -0.683155 0.297988 -1.9252 69.3072 2.84966 -3.20482 -1.47655 -5.31939 -3.20908 -0.913628 
0.0161561 1.42947 -0.112793 -0.510782 0.295934 -2.70843 -2.65453 0.202742 -0.432376 -0.608299 -0.0502686 0.885046 0.976511 0.188192 -3.55583 -0.192633 -1.42545 -0.163564 -3.77092 -0.482126 -1.23355 0.128205 -5.20864 3.76877 1.87072 2.18289 -0.793029 -2.62751 0.59254 1.25045 2.40332 -2.57332 -4.332 1.80788 -3.27467 -1.84027 -2.55606 1.17057 0.608932 -5.33994 -0.197819 -1.71083 -0.644418 2.84966 66.9732 2.94715 -2.25941 4.0502 3.07503 -0.168752 
-0.000395725 0.280465 0.077306 0.14959 -0.18878 0.103892 0.127579 -0.102447 0.0880641 0.0474112 -0.0278276 -0.238715 -0.351089 0.00584094 0.464562 0.0804139 0.16972 -0.14935 0.57965 0.0586632 -0.511834 -0.0346788 2.43322 -0.432528 -5.17652 2.97374 -3.6327 5.95182 -1.10847 2.12319 -2.56961 0.426508 14.7509 0.515721 8.51911 4.28481 2.4578 0.653071 -0.776006 -0.520846 1.57416 1.41329 -1.91215 -3.20482 2.94715 -9.73022 1.39164 0.887037 -0.517488 0.262733 
0.00626522 0.300729 0.190139 0.159554 -0.0315105 -0.681915 -0.839118 0.024426 -0.0532253 -0.132913 -0.0493621 -0.0311891 0.162391 0.261331 -0.762881 0.0620006 -0.434419 0.272786 -0.89417 -0.114143 0.116936 0.00487842 3.60377 1.45076 -0.149045 3.06154 -1.44247 2.2386 1.2143 3.42353 -0.882132 -1.30431 -0.425337 1.9345 3.24306 0.83478 -3.29294 0.37349 1.01867 -3.69742 0.429701 -0.165652 -5.54977 -1.47655 -2.25941 1.39164 -28.1994 -0.321422 0.174694 0.0705219 
0.0116246 1.87858 0.220945 -0.845371 0.441635 -1.38431 -2.86014 0.105293 -0.321106 -0.487573 -0.185235 0.702121 1.1474 0.463599 -4.00947 -0.369587 -1.64493 0.198833 -4.11568 -0.475511 0.0467677 0.024807 4.16711 -4.49937 -1.59817 2.97903 -7.52187 -2.12694 2.24303 -1.71577 2.23903 0.460482 9.84254 -3.28836 0.241385 -3.1871 -1.22623 -2.28005 0.694519 -0.0506588 -1.5057 -1.5581 0.422811 -5.31939 4.0502 0.887037 -0.321422 100.134 1.18504 0.0429397 
-0.000942461 -0.15538 0.136352 0.446276 -0.107805 0.66352 0.279902 -0.0727821 0.170067 0.023972 -0.0520339 -0.21019 -0.127356 -0.0342518 0.451704 0.0131315 0.166379 -0.35088 0.473418 0.0800978 0.0419407 0.00152933 1.35677 -1.64095 -1.15116 -4.21654 -5.24936 0.506135 -0.350915 6.12276 0.403138 -0.223981 4.00836 0.068581 6.5785 1.03008 0.754552 -1.13353 0.47002 -2.96322 0.0891252 -1.22553 -0.874182 -3.20908 3.07503 -0.517488 0.174694 1.18504 20.3546 0.171993 
-0.00465117 -0.0620418 -0.444264 -0.436419 0.245615 1.23197 0.298783 0.0379352 0.00759865 0.0255385 -0.00549334 0.132643 0.137568 -0.216583 0.099189 -0.112346 0.130372 -0.243154 -0.00751182 0.0131621 0.0182083 0 -0.379326 -1.20005 3.29234 -0.813569 0.319876 -2.06004 0.974098 -0.178658 2.85306 -0.760421 2.00869 -3.63362 -2.82444 -7.34262 -2.24164 -3.72878 0.318073 -3.5394 -1.36522 -2.64635 -1.10643 -0.913628 -0.168752 0.262733 0.0705219 0.0429397 0.171993 53.6316 
