2464.56 117.127 70.9188 -14.1886 20.3385 100.444 7.52892 18.9658 -4.6248 25.7146 2.69367 56.6836 41.9329 54.4386 66.964 53.7982 13.9597 -50.2343 3.55867 27.1463 6.04927 33.8997 9.74774 41.7618 -6.87877 17.0553 22.2408 19.1336 27.4924 -20.1508 4.6052 19.9871 30.7183 -16.1857 -21.4303 -1.6612 -3.42838 1.86257 0.866817 32.5283 10.853 -14.5386 -0.847166 -7.93237 -7.64019 0.0772004 -6.15993 2.95954 0 398.449 
117.127 -44.8493 -18.8103 63.1957 3.04724 19.2577 -2.75348 -13.2537 18.0487 51.0984 12.7799 -25.5794 -44.2538 22.1501 -23.9503 3.78836 -33 7.53494 -30.6309 -19.8211 31.5666 -28.9673 28.6008 41.197 -21.0817 -19.2128 9.38245 3.49263 2.93849 3.59665 11.817 56.7923 -18.3539 13.2019 10.3377 17.3999 2.52988 -44.5149 21.2779 7.88283 47.8353 -33.1685 22.495 36.5816 -7.28611 -4.94187 -59.8802 -6.09498 44.7608 38.9261 
70.9188 -18.8103 -3.56441 46.1201 -7.83736 -5.13062 3.21384 -5.20676 -44.7088 43.7247 -51.6566 -0.763769 33.3202 -6.30524 12.2575 -23.9168 45.4875 40.8503 -12.839 28.8912 47.9098 -7.66437 -48.8142 -7.2644 -28.8764 0.477199 -36.2275 57.909 7.9048 34.5274 28.0696 -28.7803 2.42743 1.22216 -11.4994 20.9986 -24.3611 39.7984 25.9461 -37.3651 20.3317 -35.7495 -15.0471 -14.4653 -0.579777 -8.39971 -27.0348 -23.6761 -23.8382 8.77419 
-14.1886 63.1957 46.1201 9.46912 -58.0026 -14.8621 -17.8674 -5.73967 60.3339 -23.6714 -14.7965 32.977 -11.2742 0.161377 -16.5 37.5484 42.6895 42.1352 16.9425 -4.12554 -0.588299 5.59818 31.3031 -37.9909 -14.9568 37.2441 -19.7824 -24.4426 21.6988 8.74787 -0.565326 56.5343 7.80999 1.396 -5.74351 -36.2637 -37.0527 5.55501 2.90415 -3.19109 13.3 -29.4293 38.8143 -11.5426 -11.2953 53.9267 -18.618 18.1283 1.36695 14.9383 
20.3385 3.04724 -7.83736 -58.0026 -38.2251 -1.94155 -15.2382 -39.8633 -10.3258 -6.73267 43.3791 -11.4188 -7.13854 14.5859 -18.2107 15.2347 -28.069 -1.20365 -29.8825 -2.76149 -2.37268 49.3398 15.161 -7.02754 -17.9949 66.4867 -8.50144 13.1241 10.5297 38.0186 47.1309 55.4008 47.9615 -30.8734 -12.7561 25.5348 -49.5249 -3.66685 19.4946 51.2209 7.78222 43.7997 1.01268 28.7684 27.9588 -37.9259 9.33572 -17.6881 11.5175 -55.2069 
100.444 19.2577 -5.13062 -14.8621 -1.94155 3.91289 -6.59377 61.5841 7.33892 9.79032 29.6035 18.303 -21.7433 -31.2487 -16.3326 -17.8965 -28.2632 22.3429 -2.62444 51.3331 -24.5458 -17.8212 -9.91666 19.7551 -5.54456 -11.5302 34.5396 -20.601 -29.6597 42.0211 18.7622 -14.0186 12.5623 19.0634 -18.6028 -48.0734 -1.20462 17.8699 66.3856 45.3633 1.39703 30.1293 35.0269 38.5206 -22.354 43.5141 -8.77333 9.78921 55.4372 22.1065 
7.52892 -2.75348 3.21384 -17.8674 -15.2382 -6.59377 -3.31921 26.2844 20.0053 34.1466 26.7363 21.6462 -1.46518 -53.8172 20.7725 44.758 34.7462 -46.7789 4.29022 29.1175 -11.5912 18.0137 -3.22381 25.4509 -16.6766 -25.1049 -46.5435 -4.70712 -24.4312 3.28775 -47.0902 19.964 -27.1123 -22.8688 0.977026 -19.5969 -50.352 -19.7344 -40.8959 -11.0595 10.3683 -44.386 -46.3948 -31.3224 -5.66377 -27.4095 3.66755 -3.57857 46.0045 -47.2888 
18.9658 -13.2537 -5.20676 -5.73967 -39.8633 61.5841 26.2844 -65.7162 -14.6499 -39.7267 -11.2075 39.3684 -46.7411 -13.4008 -6.93755 15.8589 39.8809 11.299 -20.2944 -14.1085 -10.57 14.7009 29.7501 40.5667 -9.1874 40.4841 51.2768 30.7264 4.54887 -14.2653 -23.7296 24.4747 -6.90366 36.7966 -21.4304 -23.5995 46.0625 -32.9135 51.1948 37.8686 -45.7675 42.8248 -30.8536 36.9629 -52.4648 -8.65605 -17.3022 30.0359 34.7842 -52.945 
-4.6248 18.0487 -44.7088 60.3339 -10.3258 7.33892 20.0053 -14.6499 28.9311 18.5543 16.3655 37.9613 -4.91266 5.03216 17.8845 -1.48257 20.2966 22.5057 37.0793 -42.2763 -20.2519 1.18387 -69.3101 -32.5858 16.5546 1.99119 -19.7089 13.4875 -21.8625 -56.3181 -40.9256 -49.0532 54.8646 -36.2327 -11.1267 9.49352 -20.5799 47.1909 24.3085 -39.3317 -1.74018 49.9157 1.55604 -32.4825 -8.37942 7.4204 -38.6952 8.66187 -20.8245 -1.81606 
25.7146 51.0984 43.7247 -23.6714 -6.73267 9.79032 34.1466 -39.7267 18.5543 38.0653 -2.27174 27.1793 -6.24001 18.6589 -11.9532 -38.3904 -7.50091 31.1203 43.1577 7.59051 48.692 -58.567 -32.6466 18.597 48.2056 -0.69217 42.6307 33.9915 -41.971 -7.47301 46.0388 12.482 44.982 -10.0868 -32.8507 -32.4244 3.57722 -36.7107 -32.608 8.82374 -59.1666 -25.8703 -9.3976 8.08202 -15.8491 11.2324 -38.5354 62.7143 36.5081 45.3974 
2.69367 12.7799 -51.6566 -14.7965 43.3791 29.6035 26.7363 -11.2075 16.3655 -2.27174 -12.5031 -1.10942 -44.506 -15.8508 -30.3948 -28.9943 33.0604 -3.76274 -7.64007 25.0113 14.7814 -13.5793 -19.4594 0.711985 46.906 -26.8554 -13.5145 -35.5269 -20.4935 3.18228 24.6144 34.0512 -4.26899 -6.21566 -9.95719 24.0971 -42.4968 1.98452 28.962 6.44093 37.5813 21.8827 55.0421 51.6001 34.139 0.737619 7.66927 -2.76038 30.3862 25.5803 
56.6836 -25.5794 -0.763769 32.977 -11.4188 18.303 21.6462 39.3684 37.9613 27.1793 -1.10942 9.96575 6.28966 32.0404 -2.2014 5.72318 15.7496 -4.42094 16.7687 -16.0076 -9.77905 18.2678 31.5115 -26.4784 45.089 -15.3996 54.8708 26.0583 25.6634 -14.4537 43.2626 -27.2007 -12.0248 4.30648 -32.3736 12.345 -36.5486 17.4654 -31.8559 42.3162 -51.2822 -0.215412 -9.3005 52.237 -38.0952 12.3067 41.7453 -2.56465 -8.90256 45.7214 
41.9329 -44.2538 33.3202 -11.2742 -7.13854 -21.7433 -1.46518 -46.7411 -4.91266 -6.24001 -44.506 6.28966 7.15257 26.5276 18.4515 47.391 -21.5712 37.3853 4.403 -11.74 -25.8965 33.8432 -42.383 15.4146 -37.6963 45.2935 -33.1843 34.255 -42.8056 19.219 38.8359 18.192 16.7581 -14.6767 -27.2947 -25.1555 42.8922 42.3927 -9.20259 15.9326 13.6441 29.9634 14.5516 -31.4816 -52.4234 14.7504 7.39691 2.44695 -53.5123 6.63771 
54.4386 22.1501 -6.30524 0.161377 14.5859 -31.2487 -53.8172 -13.4008 5.03216 18.6589 -15.8508 32.0404 26.5276 -28.0506 -14.0585 12.5061 31.5901 16.4104 6.43743 33.7727 -1.25803 32.6128 23.0846 -35.4916 24.1585 5.45934 -32.9768 20.9004 -25.7941 -51.7961 6.15064 -37.2237 0.507985 -27.1703 41.3998 15.2162 -12.6172 10.3825 33.4089 40.4595 0.471416 14.4308 55.1193 -30.521 -18.8666 21.0167 18.9111 -13.5714 32.8816 17.9566 
66.964 -23.9503 12.2575 -16.5 -18.2107 -16.3326 20.7725 -6.93755 17.8845 -11.9532 -30.3948 -2.2014 18.4515 -14.0585 22.829 5.65772 21.6115 36.7307 46.2738 55.7181 55.2246 6.02129 -37.0269 -14.2254 10.6513 28.1676 48.3948 0.578657 1.44766 -15.88 -28.0738 -12.5809 3.79022 3.83922 -15.5957 41.8856 -17.9649 34.9423 -29.5737 -31.1946 -48.2004 -17.5733 -0.0474958 54.942 -44.1629 -3.72773 40.7209 -13.277 -30.8209 27.3649 
53.7982 3.78836 -23.9168 37.5484 15.2347 -17.8965 44.758 15.8589 -1.48257 -38.3904 -28.9943 5.72318 47.391 12.5061 5.65772 34.9966 -28.8496 33.9143 33.7893 48.9135 1.96198 -41.7753 29.1694 48.8545 -37.3148 16.1669 16.977 1.62913 51.8511 -32.2115 -18.1991 2.97853 1.91368 12.4292 -24.4065 -46.6951 24.4941 6.93665 3.36965 -31.9192 -39.0958 -9.50229 54.1166 34.8836 9.40384 -25.192 50.0894 38.1886 40.9751 -27.4222 
13.9597 -33 45.4875 42.6895 -28.069 -28.2632 34.7462 39.8809 20.2966 -7.50091 33.0604 15.7496 -21.5712 31.5901 21.6115 -28.8496 -51.4804 17.0816 -34.6749 34.7777 -23.7358 -25.057 33.125 30.1103 -26.7658 38.8951 34.2893 -0.511686 -15.8946 21.5894 -39.8983 -42.9002 37.3257 18.9592 10.5604 9.99682 36.3081 -33.9997 -39.709 -20.8289 37.3519 -37.9325 -2.04577 -15.1956 -18.7272 42.3652 3.65893 7.14884 9.15751 -32.3861 
-50.2343 7.53494 40.8503 42.1352 -1.20365 22.3429 -46.7789 11.299 22.5057 31.1203 -3.76274 -4.42094 37.3853 16.4104 36.7307 33.9143 17.0816 -49.4885 25.3161 -44.3281 -25.8006 -42.0531 -28.8689 15.3091 0.306309 30.6293 2.65981 -23.9837 -52.8749 17.787 8.36491 -22.0809 39.4047 27.616 18.787 -60.5141 -1.41782 -43.3232 2.93802 14.2733 -51.6246 32.3113 -39.4799 43.7127 -16.4107 -0.741507 -27.6444 32.183 -35.9789 -5.00955 
3.55867 -30.6309 -12.839 16.9425 -29.8825 -2.62444 4.29022 -20.2944 37.0793 43.1577 -7.64007 16.7687 4.403 6.43743 46.2738 33.7893 -34.6749 25.3161 14.5979 44.108 36.1109 4.88177 -8.11274 -15.1186 -3.01093 5.57285 -37.8181 -41.3878 -13.4872 -22.2143 40.3954 21.6878 -27.0353 6.09691 27.188 7.26505 -26.9485 -15.2421 -9.93388 25.7549 14.2676 36.7918 -18.5758 5.29029 -11.7348 -4.18442 -20.2399 30.9655 -49.8364 -5.08128 
27.1463 -19.8211 28.8912 -4.12554 -2.76149 51.3331 29.1175 -14.1085 -42.2763 7.59051 25.0113 -16.0076 -11.74 33.7727 55.7181 48.9135 34.7777 -44.3281 44.108 -20.5233 10.9881 -21.7422 29.1311 -4.69721 -13.1413 -44.1499 12.5665 3.3507 52.3746 39.8267 -8.35166 28.5307 18.2306 6.25638 11.8558 26.0679 -5.45071 4.16371 -20.9088 -25.6187 20.8571 -30.7799 12.9944 -13.5619 -27.329 11.3808 22.3605 9.71649 16.9572 23.6818 
6.04927 31.5666 47.9098 -0.588299 -2.37268 -24.5458 -11.5912 -10.57 -20.2519 48.692 14.7814 -9.77905 -25.8965 -1.25803 55.2246 1.96198 -23.7358 -25.8006 36.1109 10.9881 36.6228 -21.8755 -43.8271 -28.5388 16.4421 -5.99284 -27.218 25.9553 -9.92409 -29.8906 58.8302 -19.1469 51.0783 -34.6024 -4.01543 53.1689 53.5728 40.0212 60.4468 -27.2672 7.53394 25.128 51.0926 14.7057 -37.1367 -30.9446 -21.8164 -8.47668 -37.0632 -8.27673 
33.8997 -28.9673 -7.66437 5.59818 49.3398 -17.8212 18.0137 14.7009 1.18387 -58.567 -13.5793 18.2678 33.8432 32.6128 6.02129 -41.7753 -25.057 -42.0531 4.88177 -21.7422 -21.8755 -45.6129 23.9924 -29.657 6.60662 30.2694 -29.5218 -5.13793 39.3698 -20.6474 15.6832 -2.8962 -19.2775 32.3089 -18.3638 -24.9268 -23.2106 37.4952 30.0655 2.02229 26.6111 35.055 8.86717 -0.849936 -17.3085 -32.8673 13.2388 54.3416 25.0028 26.6458 
9.74774 28.6008 -48.8142 31.3031 15.161 -9.91666 -3.22381 29.7501 -69.3101 -32.6466 -19.4594 31.5115 -42.383 23.0846 -37.0269 29.1694 33.125 -28.8689 -8.11274 29.1311 -43.8271 23.9924 -59.8145 -22.8318 -19.3184 24.0024 31.313 35.2826 -42.4081 41.6525 -33.788 -50.5578 -23.6472 30.322 -2.97419 32.2724 -19.1049 -15.8669 29.2226 -46.342 -40.8011 -1.07547 -37.1278 41.2562 47.5164 13.3671 47.7458 37.668 14.1503 -9.75745 
41.7618 41.197 -7.2644 -37.9909 -7.02754 19.7551 25.4509 40.5667 -32.5858 18.597 0.711985 -26.4784 15.4146 -35.4916 -14.2254 48.8545 30.1103 15.3091 -15.1186 -4.69721 -28.5388 -29.657 -22.8318 45.4411 -29.2635 42.3191 -5.92277 42.0086 -21.2879 23.675 18.2215 17.1258 43.8575 -40.0852 40.2187 31.2804 41.4239 -13.0458 43.8018 37.7545 -35.5743 22.5365 -25.1019 -28.225 44.4733 -18.6479 -15.6608 -0.94959 -26.9274 42.2999 
-6.87877 -21.0817 -28.8764 -14.9568 -17.9949 -5.54456 -16.6766 -9.1874 16.5546 48.2056 46.906 45.089 -37.6963 24.1585 10.6513 -37.3148 -26.7658 0.306309 -3.01093 -13.1413 16.4421 6.60662 -19.3184 -29.2635 -8.58327 6.8767 -24.678 -2.1308 -8.9244 -18.1041 32.9131 -24.3805 -29.3305 3.52595 40.1996 -30.8544 -27.5236 28.888 -8.16423 8.65831 -36.4479 -26.87 45.589 3.7757 10.7149 55.0089 -15.0575 -12.1141 18.2376 14.6472 
17.0553 -19.2128 0.477199 37.2441 66.4867 -11.5302 -25.1049 40.4841 1.99119 -0.69217 -26.8554 -15.3996 45.2935 5.45934 28.1676 16.1669 38.8951 30.6293 5.57285 -44.1499 -5.99284 30.2694 24.0024 42.3191 6.8767 -12.0187 -1.23814 -42.3878 -24.6423 -13.8144 39.1273 33.808 -35.9862 29.4262 17.4697 21.561 22.1243 43.9141 -5.89071 -24.9592 28.8004 11.7399 45.6991 -4.32029 4.16338 -4.64453 -36.2472 -8.12585 -29.6826 0.759209 
22.2408 9.38245 -36.2275 -19.7824 -8.50144 34.5396 -46.5435 51.2768 -19.7089 42.6307 -13.5145 54.8708 -33.1843 -32.9768 48.3948 16.977 34.2893 2.65981 -37.8181 12.5665 -27.218 -29.5218 31.313 -5.92277 -24.678 -1.23814 55.7704 38.903 46.5941 25.8781 -49.5009 16.1504 -12.5699 -3.6029 -24.0659 -49.4667 46.8728 30.3972 47.1735 7.07248 20.2094 16.5517 -2.09442 -51.0441 -26.2582 48.7755 37.3204 -30.0315 -27.7372 25.0276 
19.1336 3.49263 57.909 -24.4426 13.1241 -20.601 -4.70712 30.7264 13.4875 33.9915 -35.5269 26.0583 34.255 20.9004 0.578657 1.62913 -0.511686 -23.9837 -41.3878 3.3507 25.9553 -5.13793 35.2826 42.0086 -2.1308 -42.3878 38.903 -24.3482 44.1943 -14.5557 -12.5703 -14.143 -17.1112 4.0019 34.0079 -0.208837 6.26555 12.6848 11.8405 24.3195 -9.68752 -38.4173 7.66125 1.90888 12.241 33.4201 52.7663 -23.4007 0.202357 15.0605 
27.4924 2.93849 7.9048 21.6988 10.5297 -29.6597 -24.4312 4.54887 -21.8625 -41.971 -20.4935 25.6634 -42.8056 -25.7941 1.44766 51.8511 -15.8946 -52.8749 -13.4872 52.3746 -9.92409 39.3698 -42.4081 -21.2879 -8.9244 -24.6423 46.5941 44.1943 -36.9118 -42.6024 -1.21723 14.4279 49.0926 3.61976 34.8862 10.0443 -14.2819 -14.3834 5.75402 -21.8438 18.2284 22.2587 37.761 3.18335 34.3483 -12.6375 18.8421 8.60767 6.38322 -50.0672 
-20.1508 3.59665 34.5274 8.74787 38.0186 42.0211 3.28775 -14.2653 -56.3181 -7.47301 3.18228 -14.4537 19.219 -51.7961 -15.88 -32.2115 21.5894 17.787 -22.2143 39.8267 -29.8906 -20.6474 41.6525 23.675 -18.1041 -13.8144 25.8781 -14.5557 -42.6024 21.728 -34.0854 12.0687 41.521 -6.62499 -41.0501 -55.3189 -38.2189 -6.27679 19.6652 19.3364 40.6428 -19.8309 9.76288 -41.618 25.7185 31.9792 -4.09019 -24.611 -11.7258 10.2256 
4.6052 11.817 28.0696 -0.565326 47.1309 18.7622 -47.0902 -23.7296 -40.9256 46.0388 24.6144 43.2626 38.8359 6.15064 -28.0738 -18.1991 -39.8983 8.36491 40.3954 -8.35166 58.8302 15.6832 -33.788 18.2215 32.9131 39.1273 -49.5009 -12.5703 -1.21723 -34.0854 -17.8315 16.6837 10.6322 -16.6332 3.89796 -10.7861 -34.2681 14.6775 -38.4538 -22.5025 32.4933 26.321 -9.6265 18.9099 -19.6686 0.102725 -27.1176 52.2933 33.7424 26.4669 
19.9871 56.7923 -28.7803 56.5343 55.4008 -14.0186 19.964 24.4747 -49.0532 12.482 34.0512 -27.2007 18.192 -37.2237 -12.5809 2.97853 -42.9002 -22.0809 21.6878 28.5307 -19.1469 -2.8962 -50.5578 17.1258 -24.3805 33.808 16.1504 -14.143 14.4279 12.0687 16.6837 -43.0087 -12.5074 14.6017 9.0311 -22.6496 1.3423 43.9176 23.9275 -35.7932 -21.5359 39.9849 0.0785332 4.17317 0.304945 39.4096 18.232 12.1857 1.59265 -27.9663 
30.7183 -18.3539 2.42743 7.80999 47.9615 12.5623 -27.1123 -6.90366 54.8646 44.982 -4.26899 -12.0248 16.7581 0.507985 3.79022 1.91368 37.3257 39.4047 -27.0353 18.2306 51.0783 -19.2775 -23.6472 43.8575 -29.3305 -35.9862 -12.5699 -17.1112 49.0926 41.521 10.6322 -12.5074 -13.9551 34.9086 22.4745 6.88467 34.1871 -6.71517 -2.23256 37.5651 10.9428 35.2319 -21.8624 3.47018 -48.7616 5.83494 30.3274 24.3118 -10.0383 -27.1608 
-16.1857 13.2019 1.22216 1.396 -30.8734 19.0634 -22.8688 36.7966 -36.2327 -10.0868 -6.21566 4.30648 -14.6767 -27.1703 3.83922 12.4292 18.9592 27.616 6.09691 6.25638 -34.6024 32.3089 30.322 -40.0852 3.52595 29.4262 -3.6029 4.0019 3.61976 -6.62499 -16.6332 14.6017 34.9086 -10.8474 -44.2254 22.4504 -11.1107 9.51184 -21.7785 -4.34266 13.6645 14.5744 -34.682 -23.3966 -15.7626 -53.8809 1.93874 33.4228 12.9849 -3.89535 
-21.4303 10.3377 -11.4994 -5.74351 -12.7561 -18.6028 0.977026 -21.4304 -11.1267 -32.8507 -9.95719 -32.3736 -27.2947 41.3998 -15.5957 -24.4065 10.5604 18.787 27.188 11.8558 -4.01543 -18.3638 -2.97419 40.2187 40.1996 17.4697 -24.0659 34.0079 34.8862 -41.0501 3.89796 9.0311 22.4745 -44.2254 -44.7117 6.52751 -36.323 38.1506 -23.867 -46.3369 12.6655 -28.421 -42.7134 25.242 -43.0162 -30.5819 -30.1521 41.0278 22.9557 24.8642 
-1.6612 17.3999 20.9986 -36.2637 25.5348 -48.0734 -19.5969 -23.5995 9.49352 -32.4244 24.0971 12.345 -25.1555 15.2162 41.8856 -46.6951 9.99682 -60.5141 7.26505 26.0679 53.1689 -24.9268 32.2724 31.2804 -30.8544 21.561 -49.4667 -0.208837 10.0443 -55.3189 -10.7861 -22.6496 6.88467 22.4504 6.52751 4.55063 18.8429 -4.35082 2.95768 -28.4788 -29.1501 29.5583 43.3416 -38.9972 -16.3816 -3.86874 -27.8611 22.7974 15.3725 22.7996 
-3.42838 2.52988 -24.3611 -37.0527 -49.5249 -1.20462 -50.352 46.0625 -20.5799 3.57722 -42.4968 -36.5486 42.8922 -12.6172 -17.9649 24.4941 36.3081 -1.41782 -26.9485 -5.45071 53.5728 -23.2106 -19.1049 41.4239 -27.5236 22.1243 46.8728 6.26555 -14.2819 -38.2189 -34.2681 1.3423 34.1871 -11.1107 -36.323 18.8429 40.4332 -1.89957 -42.0789 -12.1117 -19.9648 4.77676 54.8225 14.3266 14.8962 -22.5034 -24.4169 37.068 -12.1254 -55.2992 
1.86257 -44.5149 39.7984 5.55501 -3.66685 17.8699 -19.7344 -32.9135 47.1909 -36.7107 1.98452 17.4654 42.3927 10.3825 34.9423 6.93665 -33.9997 -43.3232 -15.2421 4.16371 40.0212 37.4952 -15.8669 -13.0458 28.888 43.9141 30.3972 12.6848 -14.3834 -6.27679 14.6775 43.9176 -6.71517 9.51184 38.1506 -4.35082 -1.89957 -43.4137 28.7749 -20.246 27.7281 26.5613 -9.65575 -41.9885 -27.7085 -11.4584 10.1255 44.9787 -26.4017 -49.9056 
0.866817 21.2779 25.9461 2.90415 19.4946 66.3856 -40.8959 51.1948 24.3085 -32.608 28.962 -31.8559 -9.20259 33.4089 -29.5737 3.36965 -39.709 2.93802 -9.93388 -20.9088 60.4468 30.0655 29.2226 43.8018 -8.16423 -5.89071 47.1735 11.8405 5.75402 19.6652 -38.4538 23.9275 -2.23256 -21.7785 -23.867 2.95768 -42.0789 28.7749 -29.5463 -38.1486 36.8328 -45.0308 44.6601 -8.4895 21.4433 -26.3075 21.3429 -17.3203 16.3475 22.4766 
32.5283 7.88283 -37.3651 -3.19109 51.2209 45.3633 -11.0595 37.8686 -39.3317 8.82374 6.44093 42.3162 15.9326 40.4595 -31.1946 -31.9192 -20.8289 14.2733 25.7549 -25.6187 -27.2672 2.02229 -46.342 37.7545 8.65831 -24.9592 7.07248 24.3195 -21.8438 19.3364 -22.5025 -35.7932 37.5651 -4.34266 -46.3369 -28.4788 -12.1117 -20.246 -38.1486 4.96081 46.1059 45.0893 -19.9662 44.0159 7.67954 40.4492 24.0586 -12.7389 15.2268 -40.7003 
10.853 47.8353 20.3317 13.3 7.78222 1.39703 10.3683 -45.7675 -1.74018 -59.1666 37.5813 -51.2822 13.6441 0.471416 -48.2004 -39.0958 37.3519 -51.6246 14.2676 20.8571 7.53394 26.6111 -40.8011 -35.5743 -36.4479 28.8004 20.2094 -9.68752 18.2284 40.6428 32.4933 -21.5359 10.9428 13.6645 12.6655 -29.1501 -19.9648 27.7281 36.8328 46.1059 10.6631 -35.7316 -18.8518 10.2087 31.7343 24.4586 40.1059 -3.78366 34.4064 -13.2899 
-14.5386 -33.1685 -35.7495 -29.4293 43.7997 30.1293 -44.386 42.8248 49.9157 -25.8703 21.8827 -0.215412 29.9634 14.4308 -17.5733 -9.50229 -37.9325 32.3113 36.7918 -30.7799 25.128 35.055 -1.07547 22.5365 -26.87 11.7399 16.5517 -38.4173 22.2587 -19.8309 26.321 39.9849 35.2319 14.5744 -28.421 29.5583 4.77676 26.5613 -45.0308 45.0893 -35.7316 -29.0383 9.21814 -13.8675 -27.689 28.8623 -39.9081 -3.92963 -48.5482 19.373 
-0.847166 22.495 -15.0471 38.8143 1.01268 35.0269 -46.3948 -30.8536 1.55604 -9.3976 55.0421 -9.3005 14.5516 55.1193 -0.0474958 54.1166 -2.04577 -39.4799 -18.5758 12.9944 51.0926 8.86717 -37.1278 -25.1019 45.589 45.6991 -2.09442 7.66125 37.761 9.76288 -9.6265 0.0785332 -21.8624 -34.682 -42.7134 43.3416 54.8225 -9.65575 44.6601 -19.9662 -18.8518 9.21814 35.4536 -34.4546 -12.8604 -13.8467 41.942 -21.7181 33.6737 17.2124 
-7.93237 36.5816 -14.4653 -11.5426 28.7684 38.5206 -31.3224 36.9629 -32.4825 8.08202 51.6001 52.237 -31.4816 -30.521 54.942 34.8836 -15.1956 43.7127 5.29029 -13.5619 14.7057 -0.849936 41.2562 -28.225 3.7757 -4.32029 -51.0441 1.90888 3.18335 -41.618 18.9099 4.17317 3.47018 -23.3966 25.242 -38.9972 14.3266 -41.9885 -8.4895 44.0159 10.2087 -13.8675 -34.4546 -1.54964 -27.0825 -4.22768 9.03284 1.18753 -27.9938 -15.7234 
-7.64019 -7.28611 -0.579777 -11.2953 27.9588 -22.354 -5.66377 -52.4648 -8.37942 -15.8491 34.139 -38.0952 -52.4234 -18.8666 -44.1629 9.40384 -18.7272 -16.4107 -11.7348 -27.329 -37.1367 -17.3085 47.5164 44.4733 10.7149 4.16338 -26.2582 12.241 34.3483 25.7185 -19.6686 0.304945 -48.7616 -15.7626 -43.0162 -16.3816 14.8962 -27.7085 21.4433 7.67954 31.7343 -27.689 -12.8604 -27.0825 11.0259 13.9931 -29.1499 8.07001 -41.6093 12.0852 
0.0772004 -4.94187 -8.39971 53.9267 -37.9259 43.5141 -27.4095 -8.65605 7.4204 11.2324 0.737619 12.3067 14.7504 21.0167 -3.72773 -25.192 42.3652 -0.741507 -4.18442 11.3808 -30.9446 -32.8673 13.3671 -18.6479 55.0089 -4.64453 48.7755 33.4201 -12.6375 31.9792 0.102725 39.4096 5.83494 -53.8809 -30.5819 -3.86874 -22.5034 -11.4584 -26.3075 40.4492 24.4586 28.8623 -13.8467 -4.22768 13.9931 -43.881 -41.8763 -11.1011 45.4037 -22.6545 
-6.15993 -59.8802 -27.0348 -18.618 9.33572 -8.77333 3.66755 -17.3022 -38.6952 -38.5354 7.66927 41.7453 7.39691 18.9111 40.7209 50.0894 3.65893 -27.6444 -20.2399 22.3605 -21.8164 13.2388 47.7458 -15.6608 -15.0575 -36.2472 37.3204 52.7663 18.8421 -4.09019 -27.1176 18.232 30.3274 1.93874 -30.1521 -27.8611 -24.4169 10.1255 21.3429 24.0586 40.1059 -39.9081 41.942 9.03284 -29.1499 -41.8763 -24.3135 -26.8889 -15.7111 33.3627 
2.95954 -6.09498 -23.6761 18.1283 -17.6881 9.78921 -3.57857 30.0359 8.66187 62.7143 -2.76038 -2.56465 2.44695 -13.5714 -13.277 38.1886 7.14884 32.183 30.9655 9.71649 -8.47668 54.3416 37.668 -0.94959 -12.1141 -8.12585 -30.0315 -23.4007 8.60767 -24.611 52.2933 12.1857 24.3118 33.4228 41.0278 22.7974 37.068 44.9787 -17.3203 -12.7389 -3.78366 -3.92963 -21.7181 1.18753 8.07001 -11.1011 -26.8889 11.8901 18.1935 -2.92951 
0 44.7608 -23.8382 1.36695 11.5175 55.4372 46.0045 34.7842 -20.8245 36.5081 30.3862 -8.90256 -53.5123 32.8816 -30.8209 40.9751 9.15751 -35.9789 -49.8364 16.9572 -37.0632 25.0028 14.1503 -26.9274 18.2376 -29.6826 -27.7372 0.202357 6.38322 -11.7258 33.7424 1.59265 -10.0383 12.9849 22.9557 15.3725 -12.1254 -26.4017 16.3475 15.2268 34.4064 -48.5482 33.6737 -27.9938 -41.6093 45.4037 -15.7111 18.1935 24.0861 -62.7894 
398.449 38.9261 8.77419 14.9383 -55.2069 22.1065 -47.2888 -52.945 -1.81606 45.3974 25.5803 45.7214 6.63771 17.9566 27.3649 -27.4222 -32.3861 -5.00955 -5.08128 23.6818 -8.27673 26.6458 -9.75745 42.2999 14.6472 0.759209 25.0276 15.0605 -50.0672 10.2256 26.4669 -27.9663 -27.1608 -3.89535 24.8642 22.7996 -55.2992 -49.9056 22.4766 -40.7003 -13.2899 19.373 17.2124 -15.7234 12.0852 -22.6545 33.3627 -2.92951 -62.7894 37 
