83 397.218 1.43051e-06 -7.7486e-07 1.07288e-05 -1.3113e-06 7.15256e-07 -7.39098e-06 -1.07288e-05 -4.17233e-07 4.76837e-07 -2.38419e-06 -1.33514e-05 -4.52995e-06 -1.26362e-05 3.57628e-07 -3.8147e-06 -1.54972e-06 -9.53674e-07 -4.76837e-07 6.55651e-07 4.76837e-07 4.29153e-06 -5.96046e-07 -4.76837e-06 3.57628e-07 -3.33786e-06 5.96046e-08 4.29153e-06 -1.3113e-06 -2.5034e-06 2.23517e-08 1.3113e-06 -5.00679e-06 -4.29153e-06 8.10623e-06 -7.15256e-07 2.86102e-06 1.13249e-06 -2.74181e-06 -4.41074e-06 9.53674e-06 -8.9407e-07 -7.15256e-07 -7.15256e-07 -2.86102e-06 -8.10623e-06 -2.20537e-06 -2.02656e-06 0 
397.218 1917.54 -81.9509 229.712 -196.041 71.7818 -99.3151 -165.135 44.3164 223.501 -18.2848 160.352 -171.741 26.4449 -43.0584 143.872 122.826 194.74 -43.1449 128.299 198.832 -17.0888 9.10208 153.875 -151.825 217.469 -3.24274 226.543 -14.0087 112.717 172.59 340.722 172.226 57.8798 -60.4667 32.4117 -201.479 23.8027 264.37 90.2543 222.271 -18.7942 201.453 199.643 -129.883 91.9724 -231.891 154.78 259.995 -13.2672 
1.43051e-06 -81.9509 -24.1678 43.1722 29.7446 -10.7576 20.2517 15.8117 -49.8395 40.9423 -45.8036 -52.9518 35.6262 -2.62644 -0.201841 -56.037 4.15896 18.8515 -25.1907 -5.54686 41.069 -25.2056 -37.9519 -11.6326 -18.0152 -54.358 -37.989 22.5159 12.0963 22.898 10.8197 -56.1092 -39.3111 3.78403 9.72005 32.5491 15.0797 15.4884 -0.630585 -51.9934 18.6514 -53.6404 -35.5094 -24.7685 21.912 -24.2936 -25.0459 -56.8756 -41.5574 14.8336 
-7.7486e-07 229.712 43.1721 50.2045 -47.5769 -11.6838 -15.3916 -8.19338 60.9454 1.30085 -23.1356 17.5145 -11.177 10.075 -22.285 30.5436 43.6946 61.5739 14.1497 -4.22092 26.0168 1.61547 47.5159 -24.9433 -17.2477 31.9734 -18.5354 -12.3153 41.1356 26.7168 15.6123 77.2898 2.79013 22.915 14.5682 -10.945 -23.1221 8.52033 18.5687 -4.85513 47.5795 -44.6199 51.6283 0.96814 5.32201 65.0425 -31.8297 13.0172 15.5039 46.3239 
1.07288e-05 -196.041 29.7446 -47.5769 12.9066 -9.67689 13.5026 -7.76613 -10.4703 -28.8773 47.2811 -67.8504 17.0349 24.6364 -25.3943 -18.7201 -66.8789 -28.9328 -42.2465 -50.3569 -24.7423 36.2401 31.5721 -31.7886 -1.40606 6.94598 -13.3975 -36.1968 30.2144 29.2059 26.0564 21.2975 2.20673 -24.2061 20.3975 43.5148 2.72687 -19.9538 -20.1198 35.6131 4.85302 28.4317 -20.0464 9.15914 77.0264 -43.6738 35.5908 -57.0846 -18.1204 -22.8675 
-1.3113e-06 71.7819 -10.7576 -11.6838 -9.67691 -5.63755 -16.1696 56.562 9.68063 16.1434 33.3517 2.57762 -22.3782 -26.1244 -28.674 -26.3437 -41.8083 25.0602 -15.0898 38.4318 -19.0789 -25.6266 -3.8484 14.4878 -12.4573 -23.0504 27.0857 -30.6491 -24.7356 48.2968 22.7844 -6.01185 2.27434 21.1795 -11.4143 -43.2571 -0.615503 8.28018 66.8757 43.8875 14.7078 19.7702 39.5743 45.0551 -8.81629 47.702 -14.9872 0.782793 63.3482 20.3381 
7.15256e-07 -99.3151 20.2518 -15.3916 13.5027 -16.1696 12.8013 57.1257 32.3653 39.882 52.9178 -14.6386 25.0015 -38.2014 15.7042 30.6195 16.9453 -44.6741 4.0443 11.1932 -11.7043 24.012 31.5317 23.1543 3.12394 -54.3469 -44.1075 -34.366 1.35157 19.9264 -48.8599 14.6131 -58.4038 -12.9612 31.7834 -1.84392 -17.8894 -33.4421 -61.4727 -15.7885 19.9519 -62.9931 -61.9734 -42.7771 31.1412 -35.7213 10.9317 -43.8835 33.8585 -28.9755 
-7.39098e-06 -165.135 15.8117 -8.19341 -7.76612 56.562 57.1256 -28.1443 -6.28935 -49.3548 2.43823 -8.0632 -33.9706 -18.66 -20.2807 -9.94797 6.00038 -14.0293 -36.3769 -48.9358 -31.7988 7.75941 49.0849 28.4554 -0.311903 -8.52453 45.853 -9.74015 22.7526 -8.38181 -42.5367 7.838 -50.2902 41.7618 6.46635 -13.8752 82.0238 -53.5858 23.0534 33.9553 -43.7378 26.2324 -55.4791 23.9444 -13.1578 -19.5905 -1.66603 -8.97027 26.3765 -39.8359 
-1.07288e-05 44.3161 -49.8395 60.9453 -10.4703 9.68061 32.3654 -6.28937 39.8754 30.4246 34.0107 27.7536 1.6872 12.0835 15.5282 2.11035 25.2093 37.6757 40.9277 -44.8688 -11.0218 13.5621 -41.502 -23.8651 19.7484 -4.46497 -17.5618 8.42212 -2.74404 -39.8111 -42.85 -35.7096 38.7615 -27.2444 3.01287 17.726 -8.9843 36.3893 28.7149 -34.7096 13.0429 41.6853 -4.77198 -28.2059 10.1529 7.06317 -44.9373 -8.41959 -7.60966 3.21963 
-4.17233e-07 223.501 40.9423 1.30085 -28.8774 16.1434 39.8819 -49.3547 30.4246 64.1216 9.69697 34.3064 -14.7604 23.3491 -18.0978 -28.667 5.14463 56.5754 42.6395 11.6056 71.3809 -50.1658 -16.3194 34.2941 42.8262 14.592 45.7373 54.0875 -24.8518 18.504 63.8721 56.2343 58.8209 10.5107 -18.4175 -15.3647 2.75952 -33.4704 -2.4464 23.0037 -28.1739 -28.6239 0.180138 26.0272 -7.74763 21.9886 -62.1599 65.5675 72.92 48.6546 
4.76837e-07 -18.285 -45.8036 -23.1356 47.2811 33.3517 52.9178 2.43824 34.0107 9.69697 6.97184 -16.2522 -39.8164 -13.6411 -39.7508 -44.893 21.5222 -6.03481 -12.4361 3.62619 12.8433 -18.0226 -9.19566 -1.42228 57.4012 -52.5381 -14.8139 -55.0607 -15.7673 3.60707 13.4744 32.6539 -23.5194 -5.59708 0.476703 27.7662 -26.8388 -16.551 18.5916 3.97249 38.3389 11.4103 40.9175 50.2658 58.8116 -0.857447 4.37573 -18.2581 41.8353 40.3611 
-2.38419e-06 160.352 -52.9518 17.5146 -67.8503 2.5776 -14.6386 -8.0632 27.7537 34.3064 -16.2522 -1.29027 -34.6399 13.2178 -32.8178 -4.14092 9.57425 2.31349 -7.90764 -30.0862 -0.635807 -5.48158 19.4359 -27.1082 22.6082 -23.5549 38.2282 26.6037 14.7515 -8.10156 49.4918 1.92786 -12.9096 -1.17333 -45.0635 3.80643 -66.0315 -1.48992 -17.8422 39.5909 -40.5671 -24.7901 -7.90385 63.7015 -53.3602 9.29092 -1.79 -6.89464 15.4535 27.1996 
-1.33514e-05 -171.741 35.6262 -11.177 17.0349 -22.3783 25.0015 -33.9706 1.6872 -14.7604 -39.8165 -34.6399 1.51496 19.5284 -0.405991 19.2286 -48.5758 20.4099 -4.04059 -47.2947 -41.5291 20.5287 -37.3755 1.22564 -24.3602 -2.96712 -38.2151 -2.84453 -43.6569 9.0245 20.5594 -1.64819 -17.5182 -19.738 -18.4485 -27.1408 63.7641 18.2811 -36.217 7.73844 1.36271 15.6475 -8.79501 -40.3694 -32.3296 2.59158 8.04982 -27.5427 -62.3804 10.3914 
-4.52995e-06 26.4448 -2.62642 10.075 24.6364 -26.1244 -38.2014 -18.6599 12.0836 23.349 -13.6411 13.2178 19.5285 -29.6264 -30.157 -0.805665 21.6543 19.4465 1.46162 16.0342 -0.615595 30.475 33.945 -34.9071 35.3461 -10.8296 -33.1468 12.0682 -21.5506 -47.3492 7.47838 -32.0506 -14.5884 -28.1273 46.9604 19.199 -3.57447 -1.55574 29.8223 45.1681 6.34938 8.43881 51.7041 -24.969 -5.40385 22.8747 13.6654 -25.819 46.386 25.0704 
-1.26362e-05 -43.0583 -0.20188 -22.2849 -25.3943 -28.674 15.7042 -20.2806 15.5282 -18.0978 -39.7508 -32.8178 -0.406002 -30.157 -2.68075 -17.1925 -2.3993 25.5344 31.6183 32.1671 51.1381 -3.61353 -35.5291 -22.9468 13.7206 2.40092 42.3702 -15.2915 -1.12613 -18.592 -33.2131 -16.3886 -15.5457 -1.12614 -11.915 41.3352 -11.4838 20.0221 -38.3433 -33.9141 -52.351 -32.7174 -10.922 51.7108 -41.0927 -10.2299 30.0292 -32.3977 -29.4274 20.7556 
3.57628e-07 143.872 -56.037 30.5436 -18.7201 -26.3437 30.6193 -9.94797 2.11036 -28.667 -44.8931 -4.14092 19.2285 -0.805663 -17.1925 30.6836 -32.1581 44.2693 21.261 44.4846 14.7144 -50.902 25.6993 52.1172 -46.9015 16.2658 9.68069 8.18355 48.0402 -24.8496 -8.11957 27.0876 3.40708 11.7577 -29.6247 -47.8329 7.06837 -0.778288 16.7379 -28.059 -30.1764 -24.3806 61.1675 48.371 -0.528889 -22.1664 25.3047 36.6527 65.5961 -33.0891 
-3.8147e-06 122.826 4.159 43.6946 -66.879 -41.8082 16.9453 6.00036 25.2093 5.14465 21.5222 9.57424 -48.5757 21.6543 -2.39929 -32.1581 -56.7494 32.589 -52.6175 25.236 -14.0458 -43.9483 25.9759 30.9731 -44.2439 31.8946 22.7895 1.45477 -25.0381 24.2597 -35.5452 -21.9405 32.2594 11.751 -0.59777 4.08037 16.334 -48.9215 -30.2405 -21.5955 44.3674 -61.5266 3.35151 -3.02915 -35.4384 41.0815 -29.8368 -1.51508 33.1598 -39.7729 
-1.54972e-06 194.74 18.8514 61.5739 -28.9328 25.0601 -44.6739 -14.0293 37.6757 56.5753 -6.03482 2.31347 20.4098 19.4465 25.5344 44.2693 32.589 -13.145 25.806 -35.2429 -4.73006 -46.8317 -23.0991 28.309 -9.66966 43.3262 2.53893 -8.83677 -55.7582 30.5542 22.0722 9.82498 49.518 33.1413 16.3143 -57.6313 -17.1443 -52.1323 21.2934 23.4255 -35.9847 17.0331 -26.5903 65.876 -27.5598 7.97478 -56.5645 32.501 -3.37379 2.71861 
-9.53674e-07 -43.1448 -25.1907 14.1497 -42.2464 -15.0898 4.04429 -36.3769 40.9277 42.6395 -12.4361 -7.90765 -4.04057 1.46161 31.6184 21.2609 -52.6175 25.806 8.44545 26.7032 35.1636 -6.00347 0.54702 -14.9631 3.4506 -12.5912 -39.1549 -60.7757 -19.2781 -25.5675 33.304 17.9336 -43.0408 5.52234 34.3408 5.53491 -17.063 -37.1145 -22.3867 24.8863 9.1465 23.322 -27.5883 11.9001 -6.67272 -6.06168 -29.604 14.7918 -44.013 0.938879 
-4.76837e-07 128.299 -5.54687 -4.22092 -50.3569 38.4318 11.1932 -48.9358 -44.8688 11.6057 3.62618 -30.0862 -47.2948 16.0342 32.1671 44.4846 25.236 -35.243 26.7032 -30.1582 18.7316 -44.5758 19.6858 -4.58668 -33.6582 -51.887 -4.73327 -4.07468 34.7732 40.1929 -5.45314 46.494 16.2792 1.55094 3.60997 17.1797 -26.2652 -14.7947 -13.5436 -25.485 26.4681 -50.8449 14.9918 0.208715 -46.6926 10.973 -12.4676 6.2227 34.6977 12.9226 
6.55651e-07 198.832 41.0691 26.0167 -24.7423 -19.0789 -11.7043 -31.7989 -11.0218 71.3809 12.8432 -0.6358 -41.529 -0.615587 51.1381 14.7144 -14.0458 -4.73006 35.1636 18.7316 56.5945 -26.2459 -40.99 -19.0293 4.85019 5.64745 -32.1833 36.7379 -14.2689 -19.9852 73.178 9.68812 63.4106 -30.3374 -7.47608 54.9387 38.5912 37.631 83.0662 -14.5067 28.1541 23.737 69.8877 41.8612 -43.4565 -16.7375 -41.2387 3.3195 -7.23033 -4.25087 
4.76837e-07 -17.0888 -25.2055 1.61547 36.2402 -25.6266 24.012 7.75942 13.5621 -50.1657 -18.0226 -5.4816 20.5286 30.4749 -3.61354 -50.902 -43.9483 -46.8317 -6.00349 -44.5758 -26.2459 -72.9688 16.0269 -41.6523 -2.81221 0.389961 -45.3682 -31.7872 25.3031 -31.4112 5.26666 -10.8477 -39.395 21.0636 -21.8972 -36.5955 -27.6978 8.96934 15.1232 -8.53547 17.118 13.1264 -2.21405 0.0876052 -26.9914 -43.1628 -7.80991 36.9397 24.9061 20.0808 
4.29153e-06 9.10212 -37.9519 47.5159 31.572 -3.8484 31.5317 49.0848 -41.502 -16.3195 -9.19567 19.436 -37.3755 33.945 -35.5292 25.6993 25.9759 -23.0991 0.547015 19.6858 -40.99 16.0269 -48.2849 -25.6756 -10.0259 6.95303 31.5519 21.5953 -37.9833 44.5403 -31.5937 -52.705 -36.2671 35.4968 8.94936 39.1899 -3.39619 -28.7998 23.6089 -45.5459 -41.7403 -8.09087 -44.323 48.5941 54.1189 12.0622 47.4435 30.281 22.92 4.19116 
-5.96046e-07 153.875 -11.6326 -24.9434 -31.7886 14.4877 23.1543 28.4554 -23.8651 34.2941 -1.42225 -27.1082 1.2256 -34.9072 -22.9468 52.1172 30.9731 28.309 -14.9631 -4.58668 -19.0293 -41.6523 -25.6756 47.0679 -38.3571 44.0047 -11.1285 45.631 -25.4107 31.462 28.3422 34.7552 49.0708 -33.7805 42.6204 37.5001 37.0908 -16.8051 61.3043 45.9718 -20.7212 22.2462 -14.006 -6.74397 43.1391 -9.58014 -27.7902 7.77139 -3.23114 43.9121 
-4.76837e-06 -151.826 -18.0151 -17.2476 -1.40607 -12.4574 3.12388 -0.311912 19.7484 42.8262 57.4013 22.6082 -24.3602 35.3462 13.7206 -46.9015 -44.2439 -9.66964 3.45059 -33.6581 4.85018 -2.8122 -10.0259 -38.357 7.5018 -23.0094 -24.2508 -30.2708 -8.10454 -24.6681 21.2804 -47.811 -54.83 2.93577 56.8651 -26.0119 -0.919372 9.64025 -29.9988 2.2887 -52.8989 -36.1548 25.1502 -1.19715 26.8204 46.7837 -4.77672 -31.4505 8.45594 30.6646 
3.57628e-07 217.469 -54.3581 31.9734 6.94606 -23.0504 -54.3469 -8.52457 -4.46497 14.592 -52.5381 -23.5549 -2.96705 -10.8296 2.40091 16.2657 31.8946 43.3262 -12.5912 -51.887 5.64744 0.38992 6.95302 44.0046 -23.0094 -5.92412 -21.3376 -37.1651 -47.8074 -11.2495 50.1159 61.0548 -33.1918 22.6127 4.53303 12.0313 -12.1442 27.3481 17.7515 -24.7297 39.0503 -8.89297 59.247 21.4513 -19.3949 0.877223 -81.3715 -1.26234 -0.427694 -8.71817 
-3.33786e-06 -3.24261 -37.989 -18.5354 -13.3975 27.0857 -44.1075 45.853 -17.5618 45.7372 -14.8139 38.2282 -38.2151 -33.1468 42.3702 9.68068 22.7896 2.53894 -39.1549 -4.73325 -32.1833 -45.3682 31.552 -11.1285 -24.2508 -21.3376 50.4004 22.7931 43.9803 27.341 -48.2318 13.4672 -26.5724 -0.00951215 -12.9622 -47.4862 57.4828 18.2232 43.5651 6.05314 18.6326 11.5981 -4.04214 -43.5072 -19.0271 49.6898 34.2306 -37.4977 -22.5644 33.8289 
5.96046e-08 226.543 22.5157 -12.3153 -36.1968 -30.6491 -34.366 -9.74023 8.42218 54.0876 -55.0606 26.6036 -2.84456 12.0682 -15.2915 8.18357 1.45481 -8.83678 -60.7757 -4.07469 36.7378 -31.7872 21.5953 45.631 -30.2708 -37.1651 22.7931 -17.8611 27.0123 -8.63509 -1.117 13.1072 -14.6975 -1.77521 21.3385 -10.6446 -24.4993 -0.509869 34.4509 24.3413 0.83271 -58.4246 19.0565 20.5146 -13.3346 38.4605 12.0725 -18.2198 25.0771 5.96179 
4.29153e-06 -14.0086 12.0963 41.1356 30.2144 -24.7356 1.35157 22.7526 -2.74403 -24.8518 -15.7673 14.7515 -43.657 -21.5506 -1.12612 48.0402 -25.0381 -55.7582 -19.2781 34.7732 -14.2689 25.3032 -37.9833 -25.4108 -8.10453 -47.8074 43.9803 27.0123 -39.6818 -46.3469 -6.32888 7.24421 31.1752 5.02647 47.2002 12.4915 -0.753675 -27.2194 1.33005 -24.6106 13.5246 13.0586 34.1445 9.11251 42.9895 -9.87574 17.9592 -1.32742 11.5398 -40.5833 
-1.3113e-06 112.716 22.8981 26.7167 29.206 48.2968 19.9264 -8.38181 -39.8111 18.504 3.60705 -8.10156 9.02448 -47.3492 -18.592 -24.8496 24.2597 30.5542 -25.5675 40.1929 -19.9853 -31.4112 44.5403 31.462 -24.6681 -11.2495 27.3409 -8.63508 -46.3469 29.2313 -23.2415 30.6415 44.4617 0.128115 -35.3722 -54.8683 -46.7327 -15.4247 32.9695 21.6089 48.682 -28.8809 18.935 -27.2376 20.6263 39.29 -20.9708 -24.3765 4.7487 17.2069 
-2.5034e-06 172.59 10.8197 15.6123 26.0564 22.7843 -48.86 -42.5367 -42.85 63.8721 13.4744 49.4918 20.5595 7.47836 -33.2132 -8.11958 -35.5452 22.0722 33.304 -5.45314 73.178 5.26668 -31.5937 28.3423 21.2805 50.1159 -48.2318 -1.11699 -6.3289 -23.2415 -3.38355 44.4293 19.4858 -10.2321 6.37643 -10.4181 -49.0641 9.06925 -16.488 -17.8725 46.553 17.3503 5.57194 39.1599 -27.5493 11.3904 -50.7601 57.8604 59.3245 31.505 
2.23517e-08 340.723 -56.1092 77.2898 21.2976 -6.01185 14.6131 7.83795 -35.7096 56.2344 32.6538 1.92788 -1.64823 -32.0506 -16.3885 27.0876 -21.9405 9.82497 17.9336 46.4941 9.68811 -10.8477 -52.7051 34.7552 -47.811 61.0549 13.4672 13.1072 7.2442 30.6415 44.4293 5.66032 11.1438 23.5506 5.92355 -21.8999 -29.6417 47.0097 66.2283 -23.1255 7.42488 35.9417 30.1447 37.9683 -15.5134 61.04 -14.1819 34.6624 46.063 -26.1315 
1.3113e-06 172.226 -39.3111 2.79012 2.20666 2.27433 -58.4038 -50.2902 38.7615 58.8209 -23.5194 -12.9096 -17.5182 -14.5884 -15.5457 3.40708 32.2594 49.518 -43.0408 16.2792 63.4107 -39.395 -36.2672 49.0708 -54.83 -33.1918 -26.5724 -14.6975 31.1752 44.4617 19.4858 11.1438 -9.73546 31.5843 14.5284 -2.40971 7.87381 -15.2466 19.3537 38.1051 24.4377 23.4896 -7.16537 23.0142 -66.6758 14.7247 -1.86744 31.8496 15.296 -35.6374 
-5.00679e-06 57.8794 3.78401 22.915 -24.2061 21.1796 -12.9612 41.7618 -27.2444 10.5107 -5.59709 -1.17332 -19.738 -28.1273 -1.12614 11.7577 11.751 33.1413 5.52236 1.55094 -30.3374 21.0636 35.4968 -33.7806 2.93578 22.6128 -0.00951188 -1.77519 5.02647 0.128121 -10.2321 23.5506 31.5843 -0.394255 -29.8708 26.8481 -3.44722 4.51641 -13.6696 -1.21154 21.6411 13.4611 -30.0894 -10.6057 -11.0317 -45.9159 -4.60894 31.0256 26.3395 10.2324 
-4.29153e-06 -60.4667 9.72005 14.5682 20.3974 -11.4143 31.7834 6.46636 3.01287 -18.4175 0.47671 -45.0636 -18.4486 46.9604 -11.915 -29.6248 -0.597792 16.3142 34.3409 3.60996 -7.47608 -21.8971 8.94938 42.6205 56.8651 4.53302 -12.9622 21.3385 47.2002 -35.3721 6.37642 5.92351 14.5284 -29.8708 -21.2194 18.2294 -9.51009 36.3233 -28.3369 -44.3363 14.2255 -24.3047 -48.5108 29.2617 -25.7242 -27.4835 -19.2897 32.5635 24.7456 46.9516 
8.10623e-06 32.4118 32.5491 -10.945 43.5147 -43.2571 -1.84393 -13.8752 17.726 -15.3646 27.7662 3.80642 -27.1407 19.1989 41.3352 -47.8329 4.0803 -57.6312 5.5349 17.1797 54.9387 -36.5955 39.1899 37.5001 -26.0119 12.0313 -47.4862 -10.6446 12.4915 -54.8683 -10.418 -21.8999 -2.4097 26.8481 18.2294 7.66477 28.5465 -11.2537 3.5376 -30.6363 -26.5646 24.7996 41.6317 -30.2563 -12.062 -0.541251 -33.1008 18.9436 25.4592 36.3739 
-7.15256e-07 -201.479 15.0797 -23.122 2.72687 -0.615501 -17.8893 82.0238 -8.98432 2.75954 -26.8388 -66.0316 63.7641 -3.57445 -11.4838 7.06838 16.334 -17.1443 -17.063 -26.2652 38.5913 -27.6977 -3.39618 37.0908 -0.919361 -12.1442 57.4827 -24.4993 -0.753694 -46.7326 -49.0642 -29.6418 7.87384 -3.44719 -9.51008 28.5465 85.5472 -9.25552 -68.7863 -19.1131 -34.2675 7.64544 36.5904 5.73534 44.5738 -25.5519 2.56266 19.6433 -24.6655 -29.7447 
2.86102e-06 23.8025 15.4883 8.52034 -19.9538 8.28018 -33.4421 -53.5859 36.3894 -33.4705 -16.551 -1.48992 18.2811 -1.55574 20.0221 -0.778294 -48.9215 -52.1322 -37.1145 -14.7947 37.6309 8.96933 -28.7998 -16.8052 9.64026 27.3481 18.2233 -0.509854 -27.2194 -15.4247 9.06927 47.0096 -15.2466 4.51641 36.3233 -11.2537 -9.25554 -59.1513 28.7584 -29.5796 26.9468 12.8757 -9.98089 -36.4402 -39.5055 -14.7478 -13.5787 41.7955 -17.8284 -52.4586 
1.13249e-06 264.371 -0.630581 18.5688 -20.1198 66.8757 -61.4727 23.0535 28.7148 -2.4464 18.5916 -17.8422 -36.217 29.8223 -38.3433 16.7379 -30.2405 21.2934 -22.3867 -13.5436 83.0661 15.1232 23.6089 61.3045 -29.9988 17.7515 43.5651 34.4509 1.33007 32.9695 -16.488 66.2284 19.3537 -13.6696 -28.3368 3.53762 -68.7862 28.7585 2.53755 -34.1611 59.488 -51.0432 67.0605 16.4938 1.23478 -14.2425 -12.7656 2.80272 51.3217 20.6585 
-2.74181e-06 90.2544 -51.9934 -4.85513 35.6132 43.8875 -15.7885 33.9555 -34.7097 23.0036 3.97247 39.5908 7.73845 45.168 -33.9141 -28.0591 -21.5955 23.4255 24.8862 -25.485 -14.5067 -8.53549 -45.546 45.9717 2.2887 -24.7297 6.05312 24.3413 -24.6106 21.6089 -17.8725 -23.1255 38.1051 -1.21155 -44.3363 -30.6363 -19.1131 -29.5796 -34.1611 -1.47182 51.0357 37.0625 -14.8792 53.4091 1.54667 43.9838 9.56271 -7.99599 31.3833 -41.4891 
-4.41074e-06 222.271 18.6513 47.5795 4.85303 14.7077 19.9519 -43.7379 13.0428 -28.1739 38.3388 -40.5672 1.36265 6.34937 -52.3509 -30.1764 44.3673 -35.9847 9.1465 26.4681 28.1541 17.118 -41.7403 -20.7212 -52.8989 39.0503 18.6326 0.832718 13.5246 48.682 46.553 7.42489 24.4376 21.6411 14.2255 -26.5646 -34.2676 26.9468 59.488 51.0357 33.4896 -35.8093 -0.473961 33.1183 24.267 38.3095 22.0256 13.8079 68.2917 -6.64804 
9.53674e-06 -18.7945 -53.6404 -44.62 28.4317 19.7702 -62.993 26.2324 41.6852 -28.6239 11.4103 -24.79 15.6475 8.4388 -32.7173 -24.3806 -61.5266 17.0332 23.322 -50.845 23.737 13.1264 -8.09089 22.2462 -36.1549 -8.89295 11.5981 -58.4246 13.0586 -28.8809 17.3503 35.9417 23.4897 13.4611 -24.3047 24.7996 7.64547 12.8757 -51.0432 37.0625 -35.8093 -41.9583 4.10358 -11.1743 -30.4513 26.5022 -52.4705 -11.7404 -44.8961 22.1048 
-8.9407e-07 201.453 -35.5094 51.6284 -20.0464 39.5743 -61.9734 -55.479 -4.77199 0.180139 40.9175 -7.90385 -8.79502 51.7041 -10.922 61.1675 3.35149 -26.5902 -27.5883 14.9918 69.8877 -2.21406 -44.323 -14.006 25.1502 59.2471 -4.04214 19.0565 34.1446 18.935 5.57195 30.1447 -7.16537 -30.0894 -48.5107 41.6318 36.5904 -9.9809 67.0605 -14.8792 -0.473968 4.1036 53.2387 -13.8246 -25.5133 -2.67005 18.447 -7.50846 62.2476 19.5166 
-7.15256e-07 199.643 -24.7685 0.968126 9.15918 45.0551 -42.7771 23.9443 -28.2059 26.0272 50.2658 63.7015 -40.3694 -24.9691 51.7107 48.371 -3.02912 65.876 11.9 0.208724 41.8612 0.0876022 48.5941 -6.74397 -1.19714 21.4513 -43.5072 20.5146 9.11248 -27.2376 39.1599 37.9683 23.0142 -10.6057 29.2617 -30.2563 5.73536 -36.4402 16.4938 53.4091 33.1183 -11.1744 -13.8246 20.8045 -33.6744 10.2429 -6.65805 17.6364 1.81408 -8.41396 
-7.15256e-07 -129.882 21.9121 5.32201 77.0264 -8.81632 31.1413 -13.1578 10.1529 -7.74768 58.8117 -53.3602 -32.3296 -5.40386 -41.0927 -0.528896 -35.4383 -27.5597 -6.67271 -46.6926 -43.4565 -26.9914 54.1188 43.1391 26.8204 -19.3948 -19.0271 -13.3346 42.9895 20.6263 -27.5493 -15.5134 -66.6758 -11.0317 -25.7243 -12.0619 44.5738 -39.5055 1.23474 1.54668 24.267 -30.4513 -25.5133 -33.6744 27.074 11.1139 -15.7305 -6.14037 -50.2011 26.8388 
-2.86102e-06 91.9723 -24.2936 65.0424 -43.6739 47.7021 -35.7213 -19.5905 7.06317 21.9886 -0.857454 9.29092 2.59159 22.8747 -10.2299 -22.1664 41.0815 7.97478 -6.06167 10.973 -16.7375 -43.1628 12.0622 -9.58014 46.7837 0.877217 49.6898 38.4605 -9.87574 39.2899 11.3904 61.04 14.7248 -45.9159 -27.4835 -0.541249 -25.5519 -14.7478 -14.2425 43.9838 38.3095 26.5022 -2.67004 10.2429 11.1139 -34.5149 -54.9849 -3.85662 64.8477 -16.0905 
-8.10623e-06 -231.892 -25.0458 -31.8296 35.5908 -14.9872 10.9317 -1.66601 -44.937 -62.1598 4.3757 -1.79 8.04987 13.6654 30.0292 25.3047 -29.8368 -56.5645 -29.604 -12.4677 -41.2387 -7.8099 47.4435 -27.7903 -4.77672 -81.3715 34.2306 12.0725 17.9592 -20.9708 -50.7601 -14.1819 -1.86743 -4.60894 -19.2897 -33.1008 2.56268 -13.5787 -12.7656 9.56271 22.0256 -52.4705 18.447 -6.65802 -15.7305 -54.9848 -16.2497 -52.9924 -36.94 40.7424 
-2.20537e-06 154.78 -56.8756 13.0172 -57.0846 0.782798 -43.8835 -8.97029 -8.4196 65.5674 -18.2581 -6.89462 -27.5427 -25.819 -32.3977 36.6526 -1.51509 32.501 14.7918 6.22268 3.3195 36.9397 30.281 7.7714 -31.4505 -1.26236 -37.4977 -18.2198 -1.32742 -24.3765 57.8604 34.6624 31.8497 31.0257 32.5635 18.9436 19.6433 41.7955 2.80273 -7.996 13.808 -11.7404 -7.50846 17.6364 -6.14038 -3.85664 -52.9924 21.8117 42.2963 -3.72826 
-2.02656e-06 259.995 -41.5575 15.5039 -18.1204 63.3482 33.8585 26.3765 -7.60966 72.92 41.8354 15.4535 -62.3804 46.3861 -29.4273 65.596 33.1598 -3.3738 -44.0131 34.6977 -7.23034 24.9062 22.92 -3.23114 8.45594 -0.427664 -22.5644 25.0771 11.5397 4.74871 59.3245 46.0631 15.296 26.3395 24.7456 25.4591 -24.6655 -17.8284 51.3217 31.3833 68.2917 -44.8961 62.2476 1.81408 -50.2012 64.8477 -36.9401 42.2963 65.8034 -52.6122 
0 -13.2677 14.8336 46.3238 -22.8676 20.338 -28.9755 -39.8358 3.21963 48.6546 40.3611 27.1996 10.3914 25.0704 20.7556 -33.0891 -39.7729 2.71856 0.938889 12.9226 -4.25089 20.0808 4.19115 43.912 30.6646 -8.7181 33.8288 5.96179 -40.5833 17.2069 31.505 -26.1315 -35.6374 10.2324 46.9515 36.3738 -29.7447 -52.4587 20.6586 -41.4892 -6.64803 22.1048 19.5166 -8.41393 26.8388 -16.0905 40.7424 -3.72827 -52.6122 -11.0978 
