83 397.218 1.86018e-08 -4.93234e-07 1.04885e-05 -1.2233e-06 5.93496e-07 -7.59343e-06 -1.06745e-05 -1.43221e-07 4.5442e-07 -2.18759e-06 -1.3562e-05 -4.49753e-06 -1.2689e-05 5.34014e-07 -3.66411e-06 -1.31097e-06 -1.00657e-06 -3.19543e-07 8.99419e-07 4.55886e-07 4.30269e-06 -4.07396e-07 -4.95451e-06 6.24244e-07 -3.34184e-06 3.37346e-07 4.27436e-06 -1.17311e-06 -2.2918e-06 4.40078e-07 1.52245e-06 -4.93583e-06 -4.36567e-06 8.14597e-06 -9.62269e-07 2.89021e-06 1.45661e-06 -2.63116e-06 -4.13824e-06 9.5137e-06 -6.47088e-07 -4.70493e-07 -8.74492e-07 -2.74826e-06 -8.39053e-06 -2.01561e-06 -1.7078e-06 -1.62662e-08 
397.218 1917.54 1069.69 0.000298779 0.000188719 -0.000120251 -3.92366e-06 5.45382e-05 0.000250689 0.000830535 0.000196838 -1.10827e-05 -7.15349e-05 6.79686e-05 -0.000118091 0.000130363 1.19284e-05 -8.4864e-05 -9.85712e-05 -6.10445e-05 2.85525e-05 -3.19155e-05 -4.35028e-05 -0.000216594 0.000141177 6.35833e-05 -0.000125322 0.000386313 -6.24922e-05 0.000152765 -4.50276e-05 -0.000814952 0.000342738 0.000369236 3.67053e-05 -0.000108011 3.68282e-05 0.000206158 -7.31088e-05 -0.000106649 0.000229049 0.000356544 -0.000260105 0.000218805 -0.000264369 2.36304e-05 0.000279762 -6.45481e-05 -0.000132669 0.000555038 
1.86018e-08 1069.69 536.677 11.7779 6.94305 24.7929 -33.0673 37.5702 -8.17699 32.8246 16.2331 -20.7713 18.6036 -2.99185 -20.4194 -0.362496 -4.04498 -4.62331 37.1544 -3.22519 18.815 -42.2824 -33.6837 -11.1429 16.834 -16.1086 0.199874 -57.2306 -2.0577 1.64329 32.0159 -39.7993 19.6885 -2.51388 27.4836 -31.7763 4.70538 8.60401 5.20478 -23.1168 -24.146 -19.5671 2.84895 -8.08217 -23.275 58.914 26.4685 24.613 38.5318 7.20233 
-4.93234e-07 1.036e-05 11.778 40.4146 -29.3298 -23.7908 2.18359 -0.994065 49.5384 -12.6978 -34.232 -0.109496 4.2194 8.3 -15.2435 9.385 36.7481 52.6482 4.7289 -13.6493 16.5616 6.21584 46.0284 -35.7936 -13.5896 9.14765 -25.9262 -12.2391 44.9377 23.0798 -0.675925 50.2273 -21.0131 20.1267 15.2503 -0.379241 -6.97373 8.23027 -1.06903 -16.9218 40.5842 -50.103 29.8999 -16.3109 23.4112 42.0187 -25.9008 -14.0527 -18.6391 48.7731 
1.04885e-05 -1.32509e-05 6.94293 -29.3297 -11.1083 3.74679 -5.77339 -21.0216 1.17309 -7.30573 55.9635 -45.9042 -3.50063 27.29 -33.2579 5.53287 -55.6613 -12.929 -36.0645 -36.7855 -8.11048 31.5783 33.2333 -15.9023 -11.0662 35.7909 -7.22966 -26.506 26.3664 37.1638 47.3897 59.0659 29.9377 -19.334 17.2114 35.8935 -19.731 -18.6812 8.02431 49.7979 20.3949 32.3017 7.17244 32.5029 55.9955 -20.0641 20.5447 -27.3171 22.2145 -25.5292 
-1.2233e-06 -1.19582e-05 24.7929 -23.7908 3.74675 -12.2482 -6.76572 65.3161 4.3706 2.96577 30.6045 -9.24561 -10.8025 -27.7208 -24.7777 -38.6222 -48.8169 14.6005 -16.3342 30.4322 -29.8651 -23.516 -4.67169 5.03638 -5.33411 -38.7489 24.9039 -39.5483 -22.9957 42.7207 10.8966 -27.8888 -11.9475 18.0285 -8.81948 -41.232 12.3665 7.25199 50.3261 36.5618 3.76702 18.7971 24.8496 31.7921 1.95214 36.8846 -4.00075 -13.7726 42.4382 21.6261 
5.93496e-07 1.04941e-05 -33.0673 2.1836 -5.77338 -6.76571 -0.565958 44.4214 39.8712 58.9163 56.6533 2.29504 8.36948 -35.8978 10.1588 48.124 27.0828 -29.5037 5.6113 22.7218 3.93267 21.0305 32.7035 36.7831 -7.27632 -31.8467 -41.1005 -21.2403 -1.10594 28.0458 -31.793 46.1041 -38.109 -8.39373 27.9763 -4.52939 -36.5738 -31.9341 -37.6265 -5.32913 35.8867 -61.7143 -40.8779 -23.7104 15.7763 -20.4248 -5.10093 -23.1897 63.7217 -30.8051 
-7.59343e-06 9.74163e-06 37.5702 -0.994124 -21.0216 65.316 44.4214 -33.4359 1.94204 -39.1343 10.4023 4.71916 -45.1596 -17.3653 -25.3731 5.36374 11.0804 -7.47579 -29.6349 -42.0676 -24.8618 4.44028 50.1605 36.3636 -3.04847 8.03741 51.1639 -9.63556 20.0095 -5.68804 -30.7061 27.5323 -33.0574 43.8069 5.93346 -21.4478 70.2731 -53.3606 37.3564 42.6933 -38.5526 30.1609 -39.7173 36.5064 -26.2532 -2.97438 -6.09133 10.5986 51.1042 -41.6061 
-1.06745e-05 -2.05915e-06 -8.17697 49.5383 1.17313 4.37059 39.8713 1.94203 35.8384 18.4631 32.6275 17.7093 11.7737 10.6453 18.6708 -7.93302 18.7798 27.8845 40.898 -52.0039 -21.0847 15.1577 -42.1661 -32.3342 26.7451 -17.8794 -18.8533 -0.950156 -1.43007 -45.1833 -53.1437 -55.0486 27.0331 -30.1806 5.64995 18.4213 2.47949 35.3471 13.9719 -40.7772 2.48341 41.4062 -17.3112 -39.8119 19.0244 -1.18955 -34.1848 -20.0554 -24.9697 4.24191 
-1.43221e-07 9.04873e-06 32.8246 -12.6978 -7.30577 2.9657 58.9161 -39.1343 18.4631 46.1488 -0.743327 14.036 3.56435 21.107 -10.4081 -52.0552 -4.006 44.0986 34.3137 -0.0663851 58.3092 -45.357 -17.9439 20.7405 49.3421 -11.8517 38.6096 49.7497 -20.8796 12.7704 44.6632 23.2681 32.3073 6.6706 -16.5763 -5.71576 22.395 -34.2162 -26.7016 9.50553 -39.3087 -33.5927 -24.884 5.32731 12.3819 -2.20383 -51.8753 36.2152 34.6368 51.2961 
4.5442e-07 -1.41794e-06 16.2331 -34.232 55.9636 30.6045 56.6532 10.4024 32.6275 -0.743311 8.80046 -23.1392 -32.1633 -14.8669 -38.0852 -50.6466 15.7253 -15.3921 -9.45572 -2.25612 3.31664 -17.5053 -9.54784 -8.51367 64.9592 -61.9638 -14.058 -66.7785 -15.3458 -1.93068 5.84833 17.1933 -30.5284 -8.3674 3.54843 25.2496 -17.7081 -17.7584 6.48727 0.267009 27.4047 12.8184 32.2324 41.32 64.0863 -3.77955 15.8922 -24.1052 31.1117 40.8521 
-2.18759e-06 8.94628e-06 -20.7714 -0.109461 -45.9041 -9.24564 2.29506 4.71917 17.7094 14.0361 -23.1392 -21.1251 -15.8251 10.7365 -25.8799 -25.6689 -1.04423 -13.0647 -12.4573 -42.6944 -16.5758 -1.46754 17.9701 -41.9102 32.2935 -49.7037 33.2214 16.0155 18.0636 -15.9349 30.0147 -32.968 -37.6155 -5.83848 -41.7471 9.65947 -45.295 -2.81049 -43.9687 26.9281 -55.8909 -27.7348 -32.5343 42.2619 -34.632 -11.1013 13.2413 -33.0614 -20.593 29.5326 
-1.3562e-05 -7.57165e-06 18.6036 4.21938 -3.50066 -10.8026 8.36944 -45.1595 11.7737 3.56432 -32.1633 -15.8251 -16.0348 21.7853 -7.18451 40.1065 -39.0636 33.9307 1.48567 -35.7344 -27.4687 16.4884 -35.9434 14.7483 -32.4335 21.7449 -32.8035 5.06424 -46.9922 15.7069 38.8057 30.5653 6.33377 -15.6182 -21.0847 -33.9006 44.6066 19.3349 -12.2392 19.9335 14.4082 19.0861 14.5335 -20.431 -50.4206 23.039 -4.5367 -1.86186 -27.7118 8.09372 
-4.49753e-06 -1.3297e-06 -2.99183 8.30001 27.29 -27.7207 -35.8979 -17.3653 10.6454 21.1069 -14.8669 10.7366 21.7854 -29.9054 -29.2248 -3.64734 20.5081 17.8696 0.498789 14.5869 -2.26499 31.0528 33.7482 -36.5904 36.1955 -14.0708 -33.9886 11.4379 -21.0734 -48.0858 5.11638 -36.1272 -17.8145 -28.6116 47.2095 20.3239 -1.14708 -1.65628 26.8158 43.5243 4.91706 7.86061 48.6344 -27.5215 -2.955 19.9647 15.0021 -29.372 41.722 25.3898 
-1.2689e-05 -7.71601e-07 -20.4194 -15.2435 -33.2578 -24.7777 10.1588 -25.373 18.6708 -10.4081 -38.0852 -25.8799 -7.18451 -29.2249 -4.97658 -9.96558 1.68664 31.6213 32.4062 36.8423 57.417 -4.86317 -35.044 -17.4254 9.5938 11.6085 43.6821 -10.1712 -2.15632 -15.3556 -26.2482 -3.59333 -7.18038 0.708366 -13.4133 40.0893 -19.0773 20.6159 -28.6703 -29.6066 -46.002 -32.1156 -2.28318 59.4747 -47.4272 -3.82962 23.662 -23.8154 -17.1346 19.9958 
5.34014e-07 -4.00655e-06 -0.362423 9.38502 5.53286 -38.6222 48.1238 5.36375 -7.933 -52.0553 -50.6467 -25.669 40.1064 -3.64735 -9.9656 8.01995 -44.5437 25.9396 18.1831 30.1865 -4.21459 -46.9028 24.1723 35.2555 -34.6782 -12.2566 5.26388 -6.58854 51.3378 -34.5011 -29.6115 -12.1511 -22.7677 6.22503 -25.2419 -43.3357 30.3625 -2.51707 -12.8559 -41.5209 -49.0979 -26.5852 34.3803 24.4887 19.2972 -42.6032 44.1878 9.57315 27.2036 -30.6872 
-3.66411e-06 -6.44475e-06 -4.04496 36.7481 -55.6614 -48.8168 27.0828 11.0804 18.7798 -4.00598 15.7253 -1.04424 -39.0635 20.5081 1.68666 -44.5437 -61.379 26.3652 -57.3333 19.2385 -20.5832 -41.3611 25.1128 24.0249 -41.1564 18.0692 18.8619 -0.192759 -22.9007 21.475 -45.5406 -38.9499 18.2484 9.82873 0.217575 9.48827 26.47 -49.2539 -42.7108 -28.7201 38.9706 -64.3183 -9.76785 -13.756 -24.7983 28.0853 -24.9385 -17.1427 12.9661 -38.3645 
-1.31097e-06 -2.403e-05 -4.6233 52.6482 -12.929 14.6005 -29.5035 -7.47578 27.8845 44.0985 -15.3921 -13.0647 33.9306 17.8696 31.6213 25.9397 26.3652 -21.2428 17.9371 -43.5857 -13.2879 -42.885 -24.3848 18.6911 -6.15446 23.3825 -3.71782 -9.38988 -52.4968 27.1637 7.79312 -14.0465 28.869 30.6196 17.0574 -48.7623 -2.90504 -52.4431 3.92451 12.9498 -42.5211 12.436 -45.5599 50.6832 -11.8703 -11.7947 -50.9059 9.13022 -33.0278 4.83119 
-1.00657e-06 -3.90131e-06 37.1545 4.72893 -36.0645 -16.3342 5.6113 -29.6348 40.898 34.3137 -9.4557 -12.4573 1.4857 0.498787 32.4063 18.183 -57.3332 17.937 12.3297 22.1854 27.1936 -6.02991 0.380234 -20.4675 10.2054 -18.9634 -37.6079 -71.8943 -19.3056 -30.4093 27.9036 6.31565 -47.0119 3.20904 37.1765 1.96174 -10.2203 -38.2267 -31.6566 22.7287 -0.434425 25.2731 -33.3817 5.35975 -3.70396 -6.2454 -19.3512 12.2894 -50.3441 1.12918 
-3.19543e-07 -6.01634e-06 -3.22515 -13.6493 -36.7854 30.4321 22.7217 -42.0676 -52.0039 -0.0663863 -2.25612 -42.6944 -35.7344 14.5869 36.8423 30.1865 19.2385 -43.5858 22.1853 -37.6362 10.0225 -41.7117 18.6981 -13.2998 -28.9974 -68.3851 -8.80526 -7.93807 37.1384 36.2182 -17.5262 25.5045 0.0151416 -1.00432 5.03349 22.5221 -13.7722 -15.3671 -29.0698 -33.7807 18.7287 -53.5832 -0.617273 -12.8842 -34.35 -3.47205 -5.15801 -11.565 11.1454 14.5193 
8.99419e-07 -1.23866e-06 18.8149 16.5616 -8.1105 -29.8651 3.93268 -24.8619 -21.0846 58.3092 3.3166 -16.5757 -27.4686 -2.26498 57.4171 -4.21456 -20.5832 -13.2879 27.1936 10.0225 47.5609 -22.191 -42.3164 -29.0784 8.66518 -15.039 -38.5667 35.836 -10.918 -23.6147 58.342 -15.192 42.0715 -32.9981 -6.62733 63.9457 53.4295 37.2783 64.9388 -25.3369 21.1496 19.0713 50.2197 26.052 -27.2441 -37.0592 -35.1162 -20.7727 -37.8943 -2.07415 
4.55886e-07 -6.4075e-07 -42.2825 6.21586 31.5782 -23.5159 21.0304 4.44027 15.1577 -45.3569 -17.5053 -1.46755 16.4884 31.0527 -4.86318 -46.9029 -41.3611 -42.8851 -6.02993 -41.7117 -22.191 -73.5991 16.291 -38.2513 -5.64358 5.75374 -44.8731 -27.9741 24.7842 -29.2407 9.38761 -3.09107 -34.7211 22.2467 -22.9671 -36.8352 -32.2953 9.39214 21.0404 -6.11644 21.3851 13.2175 2.79813 4.73829 -30.5264 -39.8998 -12.1598 41.5625 31.8287 19.6749 
4.30269e-06 -8.20262e-07 -33.6837 46.0285 33.2333 -4.67169 32.7034 50.1604 -42.1661 -17.944 -9.54783 17.9701 -35.9434 33.7482 -35.0441 24.1723 25.1128 -24.3848 0.380231 18.6981 -42.3164 16.291 -48.3873 -26.842 -9.15425 5.00769 31.2746 20.514 -37.7656 43.8567 -33.0652 -55.4083 -38.0347 35.1093 9.2658 39.4535 -1.79198 -28.9253 21.5655 -46.456 -43.0813 -8.21818 -46.1483 46.9539 55.4573 10.7097 48.7882 28.4675 20.3227 4.35172 
-4.07396e-07 -8.65385e-06 -11.1429 -35.7935 -15.9023 5.03634 36.7831 36.3636 -32.3342 20.7406 -8.51364 -41.9102 14.7482 -36.5905 -17.4254 35.2555 24.0249 18.6911 -20.4675 -13.2998 -29.0784 -38.2513 -26.842 36.9244 -33.0697 24.6509 -16.0186 41.4488 -22.6021 26.9196 14.2063 10.2604 29.9077 -36.7299 44.2073 43.972 51.6728 -17.4442 43.2097 36.2022 -29.5605 18.9244 -32.3253 -22.0491 57.6832 -26.7215 -19.4856 -13.2539 -30.9605 45.8006 
-4.95451e-06 2.38232e-05 16.834 -13.5895 -11.0662 -5.33413 -7.27638 -3.0485 26.7452 49.3421 64.9592 32.2935 -32.4336 36.1957 9.59376 -34.6783 -41.1564 -6.15444 10.2054 -28.9973 8.66521 -5.64356 -9.15423 -33.0695 6.94276 -10.5854 -19.3263 -33.0947 -10.446 -23.6443 29.933 -34.0958 -41.2062 4.07006 57.1545 -33.3921 -9.12575 9.54056 -20.2561 9.15909 -50.9967 -32.3007 37.045 7.77908 16.4547 60.8751 -5.85632 -15.4539 27.8393 29.2083 
6.24244e-07 1.25542e-06 -16.1087 9.14773 35.7911 -38.7488 -31.8468 8.03738 -17.8795 -11.8517 -61.9638 -49.7037 21.745 -14.0708 11.6085 -12.2566 18.0692 23.3825 -18.9634 -68.3851 -15.039 5.75369 5.00769 24.6509 -10.5854 -40.3684 -28.1431 -50.4636 -43.3811 -21.3451 24.5095 15.3251 -65.8913 16.557 8.74756 20.121 15.0349 25.6687 -16.4429 -41.4801 19.3093 -12.9746 26.7868 -6.6899 5.39594 -26.3478 -62.0722 -36.0246 -48.096 -5.61634 
-3.34184e-06 1.65426e-07 0.199904 -25.9262 -7.22968 24.9039 -41.1005 51.1638 -18.8533 38.6095 -14.0579 33.2214 -32.8034 -33.9886 43.6821 5.26386 18.862 -3.71782 -37.6079 -8.80524 -38.5667 -44.8731 31.2747 -16.0186 -19.3263 -28.1431 50.611 15.3669 44.3858 23.698 -53.6586 2.68176 -31.8812 -1.86719 -10.99 -48.6976 63.8583 17.4472 35.1773 3.26533 11.4463 12.2915 -10.3382 -49.8067 -15.0254 47.0004 41.7473 -42.1885 -30.604 34.2291 
3.37346e-07 -3.75099e-05 -57.2305 -12.2391 -26.506 -39.5484 -21.2403 -9.6356 -0.950085 49.7497 -66.7785 16.0155 5.06424 11.4379 -10.1711 -6.58855 -0.192745 -9.3899 -71.8944 -7.93809 35.8359 -27.9742 20.514 41.4488 -33.0946 -50.4636 15.3669 -8.18928 30.1685 -7.44696 -9.86934 0.851654 -30.8766 -2.0732 19.4497 1.14841 -17.1087 0.212345 26.2832 16.2644 3.34961 -64.6281 6.16172 11.9311 -0.99693 19.6503 8.09639 -38.3596 2.41891 7.81525 
4.27436e-06 1.07009e-06 -2.05771 44.9377 26.3664 -22.9957 -1.10594 20.0095 -1.43007 -20.8797 -15.3458 18.0636 -46.9922 -21.0734 -2.15632 51.3379 -22.9007 -52.4967 -19.3056 37.1384 -10.918 24.7842 -37.7656 -22.6021 -10.446 -43.3811 44.3858 30.1685 -40.109 -44.5525 -2.92747 13.6486 35.0299 6.00409 46.3149 12.2994 -4.54964 -26.8696 6.21631 -22.6154 17.0525 13.1307 38.2803 12.9518 40.0742 -7.18842 14.3622 2.48299 17.2496 -40.9177 
-1.17311e-06 -7.64616e-06 1.64329 23.0798 37.1638 42.7207 28.0458 -5.68805 -45.1833 12.7704 -1.93069 -15.9349 15.7069 -48.0858 -15.3556 -34.501 21.4751 27.1637 -30.4093 36.2182 -23.6148 -29.2407 43.8567 26.9196 -23.6444 -21.3451 23.6979 -7.44691 -44.5524 28.0193 -30.3572 19.0931 33.6566 -0.946054 -35.3446 -49.5192 -39.8323 -15.4462 24.6765 16.1464 46.3785 -31.6668 9.29653 -34.702 28.8426 28.4597 -19.2395 -36.873 -10.6841 18.3413 
-2.2918e-06 -4.09037e-06 32.0158 -0.675919 47.3896 10.8964 -31.793 -30.7059 -53.1438 44.6632 5.84833 30.0147 38.8058 5.11635 -26.2483 -29.6115 -45.5407 7.79312 27.9036 -17.5262 58.342 9.38763 -33.0652 14.2064 29.933 24.5095 -53.6586 -9.86933 -2.92749 -30.3572 -22.3329 10.8467 -5.09575 -14.5778 9.2403 -3.74005 -29.0965 7.9257 -41.523 -30.4484 32.6538 13.9616 -18.5872 18.414 -8.90756 -9.4847 -37.2879 31.503 23.5612 33.8612 
4.40078e-07 5.09247e-06 -39.7994 50.2274 59.0661 -27.8889 46.1042 27.5322 -55.0487 23.2683 17.1932 -32.9679 30.5652 -36.1273 -3.59327 -12.1511 -38.9499 -14.0465 6.31566 25.5045 -15.192 -3.09111 -55.4082 10.2604 -34.0958 15.3252 2.68184 0.851711 13.6486 19.0931 10.8467 -53.0828 -33.5656 16.2547 10.2366 -7.99766 5.3106 45.2799 22.6666 -45.9513 -15.0863 28.835 -13.0829 1.43904 18.4088 21.8681 7.27279 -13.9399 -18.775 -21.7742 
1.52245e-06 -2.16346e-05 19.6886 -21.0131 29.9376 -11.9475 -38.109 -33.0574 27.0331 32.3073 -30.5284 -37.6155 6.33381 -17.8145 -7.18034 -22.7677 18.2485 28.869 -47.0119 0.0151503 42.0715 -34.7211 -38.0347 29.9077 -41.2061 -65.8913 -31.8812 -30.8766 35.0299 33.6566 -5.09575 -33.5656 -39.9252 25.3455 19.3734 3.18902 34.4209 -17.17 -14.3169 22.5897 3.26292 20.7257 -37.8942 -4.24904 -43.8049 -9.12894 19.1973 0.460989 -28.9364 -32.8501 
-4.93583e-06 -1.37184e-06 -2.51386 20.1267 -19.334 18.0285 -8.39375 43.807 -30.1806 6.67059 -8.36742 -5.83848 -15.6182 -28.6116 0.70837 6.22501 9.82873 30.6196 3.20905 -1.00432 -32.9981 22.2467 35.1093 -36.73 4.07007 16.557 -1.86719 -2.07318 6.00408 -0.946055 -14.5778 16.2548 25.3455 -1.17785 -29.6143 29.4649 0.903691 4.41 -18.9878 -4.37829 19.5673 12.1058 -35.8463 -15.2389 -6.29204 -51.8459 -2.79039 23.9883 17.3727 10.8681 
-4.36567e-06 2.7325e-06 27.4836 15.2503 17.2114 -8.8195 27.9763 5.93345 5.64995 -16.5762 3.54843 -41.7472 -21.0847 47.2095 -13.4133 -25.242 0.217558 17.0573 37.1766 5.03348 -6.62732 -22.9671 9.26581 44.2073 57.1545 8.74756 -10.99 19.4498 46.315 -35.3446 9.24031 10.2366 19.3734 -29.6143 -20.9002 15.1808 -12.0989 36.2033 -25.3484 -41.9045 14.2335 -22.7063 -44.453 32.1632 -29.4145 -22.1817 -18.9376 38.4123 31.5883 46.4163 
8.14597e-06 -3.77558e-06 -31.7763 -0.379239 35.8935 -41.232 -4.5294 -21.4479 18.4213 -5.71576 25.2495 9.65948 -33.9005 20.3238 40.0893 -43.3357 9.48821 -48.7623 1.96173 22.5221 63.9456 -36.8352 39.4534 43.972 -33.392 20.121 -48.6976 1.14841 12.2994 -49.5192 -3.74002 -7.99764 3.18904 29.4649 15.1809 10.8413 20.3462 -10.0567 14.5164 -27.6448 -15.9915 23.0485 49.0433 -22.311 -16.2647 0.993536 -44.3247 23.1741 34.1638 36.0295 
-9.62269e-07 -3.93763e-06 4.70536 -6.97367 -19.731 12.3665 -36.5738 70.2733 2.47947 22.395 -17.7081 -45.2951 44.6066 -1.14705 -19.0773 30.3625 26.47 -2.90506 -10.2203 -13.7722 53.4296 -32.2952 -1.79197 51.6728 -9.12572 15.0349 63.8583 -17.1087 -4.54965 -39.8323 -29.0965 5.31056 34.421 0.903724 -12.0988 20.3463 64.7512 -8.21754 -42.8595 -5.55842 -20.8152 11.836 62.2798 27.4627 24.4324 -2.3302 -10.271 48.4812 13.8397 -32.3297 
2.89021e-06 1.41794e-07 8.60402 8.23026 -18.6812 7.25199 -31.9341 -53.3606 35.3471 -34.2163 -17.7584 -2.81049 19.3349 -1.65628 20.6159 -2.51708 -49.254 -52.443 -38.2266 -15.3671 37.2781 9.39213 -28.9253 -17.4443 9.54059 25.6686 17.4472 0.212361 -26.8696 -15.4462 7.92571 45.2798 -17.17 4.40999 36.2033 -10.0567 -8.21755 -59.1063 27.5572 -30.5454 26.9228 12.2483 -11.5971 -37.6011 -38.0406 -16.8435 -13.6955 39.4786 -20.5465 -52.2467 
1.45661e-06 8.2925e-06 5.20483 -1.06895 8.02432 50.3262 -37.6266 37.3567 13.9719 -26.7017 6.48725 -43.9686 -12.2392 26.8158 -28.6703 -12.8559 -42.7108 3.92449 -31.6566 -29.0698 64.9388 21.0404 21.5654 43.2099 -20.2562 -16.4429 35.1774 26.2833 6.21633 24.6764 -41.523 22.6667 -14.317 -18.9878 -25.3483 14.5165 -42.8594 27.5572 -29.697 -51.3374 43.3375 -56.6687 34.7127 -10.6675 26.7862 -44.0917 2.5081 -33.9917 2.55279 23.9608 
-2.63116e-06 -1.27712e-05 -23.1168 -16.9218 49.7979 36.5619 -5.32912 42.6935 -40.7773 9.5055 0.266988 26.9281 19.9335 43.5243 -29.6066 -41.5209 -28.7201 12.9498 22.7287 -33.7806 -25.3369 -6.11648 -46.456 36.2022 9.15908 -41.4801 3.26531 16.2644 -22.6154 16.1464 -30.4483 -45.9512 22.5897 -4.3783 -41.9045 -27.6449 -5.55842 -30.5454 -51.3374 -9.44264 40.3332 35.5807 -30.6254 39.4758 13.3018 31.6464 20.1905 -24.1706 8.66443 -40.0521 
-4.13824e-06 -2.59466e-05 -24.1461 40.5842 20.3949 3.76695 35.8867 -38.5527 2.48333 -39.3087 27.4047 -55.891 14.4081 4.91704 -46.0018 -49.098 38.9705 -42.5211 -0.434392 18.7288 21.1495 21.3851 -43.0813 -29.5604 -50.9967 19.3092 11.4463 3.34963 17.0525 46.3785 32.6537 -15.0863 3.26288 19.5673 14.2335 -15.9915 -20.8152 26.9228 43.3375 40.3332 29.118 -41.3175 -19.3259 18.5521 40.3695 17.0234 25.2615 -10.7158 38.0587 -4.42119 
9.5137e-06 1.41142e-06 -19.5671 -50.1031 32.3017 18.7971 -61.7141 30.1608 41.4062 -33.5927 12.8184 -27.7348 19.086 7.8606 -32.1155 -26.5852 -64.3184 12.4361 25.2731 -53.5833 19.0713 13.2175 -8.21819 18.9245 -32.3008 -12.9745 12.2916 -64.6281 13.1307 -31.6668 13.9615 28.835 20.7257 12.1058 -22.7063 23.0485 11.836 12.2483 -56.6687 35.5807 -41.3175 -40.9955 0.370328 -15.2221 -28.3782 25.8699 -46.6119 -13.7598 -49.2151 22.2674 
-6.47088e-07 -1.62069e-05 2.849 29.9 7.17239 24.8496 -40.8779 -39.7172 -17.3112 -24.884 32.2324 -32.5343 14.5334 48.6344 -2.28317 34.3802 -9.76786 -45.56 -33.3816 -0.617285 50.2195 2.79811 -46.1483 -32.3253 37.045 26.7869 -10.3382 6.16173 38.2805 9.2965 -18.5872 -13.0829 -37.8942 -35.8463 -44.453 49.0434 62.2797 -11.5971 34.7126 -30.6254 -19.3259 0.370334 22.6573 -40.4006 -2.21822 -28.1237 36.9141 -40.1039 17.4293 22.4237 
-4.70493e-07 -3.63216e-06 -8.08215 -16.3109 32.503 31.7921 -23.7104 36.5064 -39.8117 5.32732 41.3201 42.2619 -20.431 -27.5215 59.4746 24.4888 -13.756 50.6832 5.3597 -12.8842 26.052 4.73828 46.9539 -22.0491 7.77907 -6.68991 -49.8067 11.9311 12.9518 -34.7021 18.4139 1.439 -4.24903 -15.2389 32.1632 -22.3111 27.4627 -37.6011 -10.6675 39.4758 18.5521 -15.2221 -40.4006 -1.83547 -12.9939 -13.2788 7.34872 -11.7998 -37.7867 -5.7787 
-8.74492e-07 3.90783e-06 -23.2749 23.4112 55.9954 1.95212 15.7763 -26.2531 19.0244 12.3818 64.0864 -34.632 -50.4207 -2.955 -47.4273 19.2972 -24.7982 -11.8702 -3.70395 -34.35 -27.2441 -30.5264 55.4572 57.6833 16.4547 5.39601 -15.0255 -0.997019 40.0741 28.8427 -8.90752 18.4088 -43.8049 -6.29202 -29.4145 -16.2647 24.4324 -38.0406 26.7862 13.3018 40.3695 -28.3782 -2.21825 -12.9939 9.74794 29.1582 -31.7558 17.6242 -16.6873 24.7289 
-2.74826e-06 -1.36318e-05 58.914 42.0186 -20.0641 36.8848 -20.4249 -2.97439 -1.18956 -2.20383 -3.77956 -11.1013 23.0391 19.9647 -3.8296 -42.6032 28.0853 -11.7947 -6.24538 -3.47207 -37.0593 -39.8997 10.7097 -26.7215 60.8751 -26.3478 47.0004 19.6503 -7.1884 28.4596 -9.4847 21.8682 -9.12894 -51.8459 -22.1817 0.993538 -2.33016 -16.8435 -44.0917 31.6464 17.0234 25.87 -28.1237 -13.2789 29.1583 -51.3823 -33.3255 -27.5673 29.5547 -14.0065 
-8.39053e-06 2.74628e-05 26.4683 -25.9007 20.5448 -4.0007 -5.1009 -6.09133 -34.1846 -51.8752 15.8921 13.2413 -4.53661 15.0021 23.662 44.1878 -24.9385 -50.906 -19.3512 -5.15808 -35.1161 -12.1598 48.7883 -19.4856 -5.85635 -62.0722 41.7473 8.09633 14.3621 -19.2395 -37.288 7.27281 19.1973 -2.7904 -18.9376 -44.3247 -10.271 -13.6955 2.50809 20.1905 25.2615 -46.6119 36.9141 7.34874 -31.7558 -33.3255 -18.2435 -28.3297 -6.94806 38.4983 
-2.01561e-06 -7.29226e-06 24.6131 -14.0526 -27.3171 -13.7727 -23.1897 10.5986 -20.0554 36.2152 -24.1052 -33.0614 -1.86189 -29.3719 -23.8154 9.5731 -17.1427 9.13019 12.2894 -11.565 -20.7727 41.5625 28.4675 -13.2539 -15.4539 -36.0247 -42.1886 -38.3595 2.48298 -36.873 31.503 -13.9398 0.46108 23.9883 38.4123 23.1741 48.4812 39.4786 -33.9917 -24.1706 -10.7158 -13.7598 -40.1039 -11.7998 17.6241 -27.5674 -28.3297 -10.2231 -3.88181 -0.895418 
-1.7078e-06 3.36356e-05 38.5317 -18.6391 22.2145 42.4383 63.7217 51.1041 -24.9696 34.6369 31.1118 -20.593 -27.7117 41.7221 -17.1345 27.2035 12.9661 -33.0278 -50.3442 11.1454 -37.8944 31.8287 20.3226 -30.9605 27.8393 -48.096 -30.604 2.41894 17.2495 -10.6841 23.5612 -18.7749 -28.9364 17.3726 31.5884 34.1637 13.8398 -20.5465 2.55278 8.66441 38.0587 -49.2151 17.4292 -37.7867 -16.6873 29.5547 -6.94811 -3.88179 1.05618 -48.508 
-1.62662e-08 0 7.20231 48.7731 -25.5292 21.626 -30.8051 -41.6059 4.24191 51.2961 40.852 29.5325 8.09367 25.3898 19.9958 -30.6871 -38.3644 4.83115 1.12919 14.5193 -2.07416 19.6749 4.35171 45.8006 29.2082 -5.61629 34.2291 7.81526 -40.9178 18.3413 33.8612 -21.7742 -32.8501 10.8681 46.4162 36.0294 -32.3298 -52.2467 23.9609 -40.0521 -4.42117 22.2674 22.4236 -5.77867 24.7289 -14.0065 38.4983 -0.895421 -48.5079 -11.348 
