83 397.218 1.86018e-08 -7.7671e-06 1.08138e-05 -6.15769e-08 -9.55943e-07 -5.833e-06 -1.10577e-05 1.39484e-06 1.21506e-06 -3.16088e-06 -1.26903e-05 -4.63772e-06 -1.36458e-05 5.17032e-07 -3.85365e-06 -1.5276e-06 7.34381e-07 -4.70664e-07 1.78103e-06 -1.52535e-06 2.72437e-06 -9.2952e-07 -4.16572e-06 -1.30563e-07 -3.33247e-06 -2.34431e-06 4.17794e-06 -1.09611e-06 -7.91631e-07 -1.42481e-06 2.445e-06 -5.05362e-06 -3.07787e-06 6.65702e-06 -7.4179e-07 3.29336e-06 1.70049e-06 -3.71435e-06 -5.26965e-06 8.59684e-06 -5.13593e-07 -8.49199e-07 -1.96508e-06 1.22754e-08 -7.1503e-06 -8.62314e-07 9.76771e-08 3.21213e-07 
397.218 1917.54 1069.69 0.000348791 0.000186483 -0.000128239 6.72941e-06 4.24345e-05 0.000253324 0.00081996 0.000191608 -4.39097e-06 -7.75283e-05 6.89325e-05 -0.000111512 0.00013048 1.32315e-05 -8.33745e-05 -0.000110541 -6.00054e-05 2.2491e-05 -1.82937e-05 -3.26511e-05 -0.000213004 0.000135754 6.87729e-05 -0.000125386 0.00040475 -6.18293e-05 0.000152235 -5.53419e-05 -0.00080213 0.000336395 0.000370046 2.78511e-05 -9.77735e-05 3.53123e-05 0.000203386 -7.47856e-05 -9.92021e-05 0.000236828 0.000362847 -0.000261023 0.000221409 -0.000256871 4.65051e-06 0.000271235 -7.24775e-05 -0.000145082 0.000552718 
1.86018e-08 1069.69 536.677 167.012 0.000187081 0.000240091 -0.00023523 0.000290602 -9.22848e-05 0.000295006 0.000124451 -0.000163324 0.000175528 -4.16758e-05 -0.000117406 -7.68505e-05 -5.93243e-05 -4.41317e-05 0.000240192 -6.8631e-05 0.000312138 -0.00034029 -0.000344776 -7.48094e-05 0.000178769 -1.97031e-05 -2.81396e-05 -0.000567473 -7.65827e-06 1.09235e-05 0.00036341 -0.000204787 9.58666e-05 -4.06113e-05 0.000253327 -0.000297479 6.30347e-05 6.15604e-05 -1.23959e-06 -0.000181857 -0.000187017 -0.000157099 -2.21217e-05 -9.818e-05 -0.000295255 0.000481866 0.000483539 0.000147693 0.000446387 9.15527e-05 
-7.7671e-06 2.20439e-05 167.012 -12.9172 -41.792 63.3229 5.629 -43.252 7.78908 16.8924 17.9383 -2.44194 -14.6502 18.7893 7.51887 -2.14346 -18.4665 35.9792 4.3212 6.64549 -4.37797 12.8406 18.6325 -27.0099 84.6074 -23.5747 13.0667 -2.10838 -15.2161 -9.32863 31.7091 45.6741 21.6337 -26.4363 9.58098 -0.638839 47.2013 -22.8564 -30.9481 36.1592 20.8091 38.2857 4.22375 -6.69006 -13.2289 -30.5404 -42.0429 15.3751 9.79383 -0.897755 
1.08138e-05 -1.37734e-05 6.60485e-05 -41.7919 -9.88689 2.2219 -9.09022 -15.5382 2.25826 -5.48968 55.1829 -47.7865 -0.877355 26.5348 -36.229 6.01382 -53.5787 -12.6256 -32.4928 -38.0017 -5.37441 27.2379 31.2369 -17.3609 -13.848 35.7139 -8.95451 -32.4329 28.8601 38.7704 49.0035 55.4629 29.9134 -17.4919 20.0935 32.8659 -21.7039 -16.4679 9.85847 45.2129 18.9699 26.477 8.59329 31.2995 55.4081 -11.184 23.7982 -26.2792 24.6281 -22.6188 
-6.15769e-08 -1.38242e-05 0.000235517 63.3229 2.22188 -38.714 9.42609 53.0433 15.1785 -18.3793 14.0534 1.6435 -17.2079 -27.8813 -18.0747 -36.5976 -37.9505 19.6035 -35.0805 28.8238 -36.0468 -3.1663 16.7579 9.27521 -29.5403 -25.3669 18.5751 -12.1903 -12.3466 47.0647 -10.4854 -7.01107 -28.7272 26.738 -21.829 -25.1021 1.33177 7.86066 52.4629 39.7883 19.1505 14.5872 27.508 34.3475 19.5881 18.6448 -14.8237 -30.9343 18.3885 25.9125 
-9.55943e-07 1.2983e-05 -0.000311188 5.62909 -9.09021 9.42607 3.32184 31.8364 31.7579 62.0886 66.2181 3.77933 2.57562 -33.3781 16.9551 45.7029 15.7071 -32.6134 1.98074 27.3524 -2.32228 26.4745 30.0804 39.7169 12.0355 -37.2807 -32.8135 -13.6238 -13.7233 20.9857 -27.9481 48.9303 -30.9025 -18.0726 24.1473 -1.55396 -25.4826 -39.3767 -44.4876 8.18272 33.9773 -41.02 -46.619 -20.8901 10.1913 -41.5 -11.0639 -19.2686 66.1033 -42.0727 
-5.833e-06 6.91389e-06 0.00035432 -43.2521 -15.5382 53.0432 31.8364 -9.85735 9.14045 -34.631 3.54475 -2.0978 -33.9816 -20.9672 -38.1385 8.02506 23.0061 -5.0845 -16.3327 -48.1256 -13.1078 -12.1888 44.8208 30.278 -20.832 10.2324 41.7978 -32.4252 33.8368 2.73946 -27.1666 14.4908 -36.3822 54.183 17.0723 -32.6772 58.8336 -42.7792 46.4373 21.6316 -42.3473 1.81544 -32.4907 31.3058 -25.6566 35.5225 7.22137 12.2231 57.9157 -27.0252 
-1.10577e-05 -1.44371e-06 -7.64057e-05 7.78902 2.25828 15.1785 31.758 9.14043 31.5881 28.2557 39.4476 12.3761 15.4464 10.4474 14.7477 -8.63119 14.8567 25.8467 50.1965 -51.7438 -17.468 4.90024 -52.0586 -34.6667 36.1403 -23.6439 -16.7493 -14.7725 -5.11483 -46.4782 -43.4068 -65.2722 34.2182 -33.2639 12.2455 10.4367 6.51345 35.8679 13.7036 -43.7798 -4.61517 41.1536 -17.949 -41.3325 11.256 9.76676 -28.3957 -12.3312 -13.8065 3.43217 
1.39484e-06 6.57816e-06 0.000301458 16.8924 -5.48968 -18.3794 62.0885 -34.631 28.2557 36.0196 -13.6898 16.9796 5.35966 19.2421 -12.8123 -49.5748 8.14635 48.1687 30.0168 -3.97726 60.5173 -41.7697 -8.17735 20.1977 26.5923 -3.03221 30.3409 54.3591 -7.91729 19.4293 34.0384 28.926 20.9669 16.813 -18.6198 -1.91221 10.3845 -28.6579 -20.9977 1.00861 -32.2787 -49.9741 -19.7908 4.24643 22.8752 6.18873 -51.5844 27.0891 24.079 60.9494 
1.21506e-06 -2.63974e-06 0.000152115 17.9382 55.1829 14.0534 66.2182 3.54476 39.4476 -13.6898 -1.52736 -16.6609 -35.7738 -15.0658 -34.3366 -49.3324 22.7132 -12.2613 -20.5649 -3.41036 -0.140887 -5.50715 3.42701 -6.08767 49.6381 -53.7071 -18.1955 -50.6603 -8.43779 0.965085 -7.14766 29.6151 -40.8976 -2.74371 -4.1078 34.8141 -24.7855 -17.0901 8.04954 1.65468 36.7199 9.44845 34.0623 42.7396 74.9038 -13.8748 9.6358 -34.5701 16.5733 43.8845 
-3.16088e-06 1.05097e-05 -0.000195075 -2.44193 -47.7863 1.64347 3.77933 -2.09778 12.3761 16.9797 -16.6609 -20.7944 -18.9256 12.2327 -22.2023 -27.2003 -8.30711 -15.1521 -13.6615 -39.879 -19.9598 0.727283 15.3467 -40.3901 44.9119 -53.5836 38.4327 19.1421 10.0783 -20.3222 33.3573 -32.3457 -32.5183 -11.9911 -43.3562 10.608 -38.1917 -7.23633 -48.1277 34.746 -57.7897 -15.3024 -36.0581 43.7993 -38.8144 -22.6332 10.2623 -29.8854 -17.9809 22.6635 
-1.26903e-05 -8.97187e-06 0.000173885 -14.6503 -0.877362 -17.208 2.57557 -33.9816 15.4464 5.35964 -35.7738 -18.9256 -10.7462 20.0414 -13.2351 41.4291 -33.1047 35.1762 7.58057 -38.6914 -21.8975 8.81397 -38.1415 11.8824 -41.4622 23.045 -37.4439 -5.46283 -40.1181 19.8582 40.1346 24.6345 4.4268 -10.4472 -15.9329 -39.0403 38.8798 24.4605 -7.8115 9.81045 12.8488 5.30936 18.0741 -22.8992 -49.817 41.3215 1.70493 -1.3833 -24.8491 15.2184 
-4.63772e-06 -1.10451e-06 -2.75876e-05 18.7892 26.5348 -27.8812 -33.3782 -20.9671 10.4474 19.242 -15.0658 12.2327 20.0415 -29.4813 -27.2712 -3.84263 19.744 17.8914 -2.26561 15.2173 -4.06446 34.3174 35.7192 -35.5945 36.8391 -13.5063 -33.2519 15.8792 -22.0801 -48.8323 3.36524 -33.2622 -18.4532 -29.3224 45.0612 22.6764 -0.452071 -2.89376 25.8538 46.2624 6.32737 11.0158 47.9281 -26.7364 -1.93437 14.1954 12.7273 -30.6309 39.4113 23.8982 
-1.36458e-05 7.65284e-07 -0.000194814 7.51894 -36.2289 -18.0747 16.9551 -38.1384 14.7477 -12.8124 -34.3366 -22.2022 -13.2351 -27.2712 1.93447 -11.4125 -4.80031 30.3155 25.2256 40.1305 51.0535 4.11897 -32.1863 -14.1326 19.2814 10.3942 48.7729 2.13952 -9.67419 -19.9338 -28.1297 3.44217 -5.3474 -4.93427 -19.431 46.1505 -12.8538 14.8764 -33.5989 -18.1902 -43.9715 -16.7357 -6.2071 62.2906 -47.7821 -24.675 16.4615 -24.6659 -20.7858 12.0806 
5.17032e-07 -3.97927e-06 -3.40177e-06 -2.14346 6.01381 -36.5975 45.7027 8.02509 -8.63118 -49.5748 -49.3324 -27.2003 41.429 -3.84265 -11.4125 7.96641 -44.9698 25.5611 20.9116 29.997 -2.8813 -49.9936 21.6338 34.4574 -33.2125 -13.5164 5.36961 -10.7692 51.0463 -34.4559 -27.1839 -15.0855 -21.2218 5.93165 -23.2361 -45.6707 30.8346 -1.95758 -12.5433 -43.0951 -50.9179 -27.8163 34.5296 23.9174 17.5018 -38.4447 46.0945 11.45 30.1006 -30.2741 
-3.85365e-06 -6.1403e-06 -3.8241e-05 -18.4665 -53.5788 -37.9504 15.7071 23.0061 14.8567 8.14637 22.7132 -8.30713 -33.1046 19.744 -4.8003 -44.9697 -64.2202 24.3279 -44.4613 18.649 -14.6051 -55.8492 12.7198 20.3902 -32.7608 11.6311 19.9473 -19.7725 -25.1816 21.2004 -33.5958 -52.8683 26.1863 7.7438 9.59928 -1.53634 29.5131 -47.0806 -41.6847 -35.3523 30.083 -68.7997 -9.44905 -16.3076 -33.8231 46.6221 -16.1818 -7.84173 27.0672 -37.1615 
-1.5276e-06 -2.3682e-05 -4.29461e-05 35.9792 -12.6257 19.6035 -32.6132 -5.08447 25.8467 48.1686 -12.2613 -15.1521 35.176 17.8914 30.3155 25.5612 24.3278 -22.1884 21.5344 -43.2946 -12.0837 -46.7954 -28.473 17.8702 -1.59453 20.843 -2.53709 -14.648 -54.4882 26.3582 11.8679 -18.0486 32.0519 28.9886 19.5585 -51.8571 -0.834458 -52.5331 3.54027 12.2849 -45.4558 13.1676 -46.0479 50.1847 -15.2227 -8.23233 -48.8152 12.3978 -28.4378 4.05154 
7.34381e-07 -6.69777e-06 0.000349201 4.32119 -32.4927 -35.0805 1.98076 -16.3327 50.1964 30.0168 -20.5649 -13.6616 7.58061 -2.26562 25.2256 20.9116 -44.4613 21.5344 15.58 17.0543 33.8019 -11.2033 4.07906 -23.5154 -11.869 -12.4985 -46.9237 -79.1751 -5.0828 -22.5132 22.8692 4.02829 -55.5485 14.1403 40.8655 -0.672467 -22.7875 -30.0562 -24.0636 8.06259 2.24971 2.45748 -26.9945 2.37125 3.09063 16.1203 -13.2418 7.33462 -53.8797 13.6287 
-4.70664e-07 -5.7736e-06 -3.04645e-05 6.64548 -38.0017 28.8237 27.3524 -48.1256 -51.7438 -3.97725 -3.41036 -39.879 -38.6914 15.2173 40.1305 29.997 18.6491 -43.2947 17.0542 -36.7699 6.99338 -35.7444 22.7731 -11.581 -29.2782 -66.8438 -8.02271 0.162972 36.1723 35.3183 -21.2674 30.8971 -1.81337 -1.62511 1.12646 26.8978 -13.2954 -17.1992 -30.4081 -29.4906 21.647 -49.0491 -1.54352 -11.57 -31.9023 -13.1022 -9.14266 -14.3471 6.42363 12.4943 
1.78103e-06 -2.65477e-06 0.00017615 -4.37803 -5.37443 -36.0468 -2.32227 -13.1079 -17.468 60.5173 -0.140924 -19.9598 -21.8975 -4.06446 51.0536 -2.88127 -14.6051 -12.0837 33.8018 6.99339 53.4202 -30.458 -44.9421 -32.11 -0.264824 -13.9166 -43.2574 24.5052 -3.99051 -19.3966 60.0685 -21.6659 40.3782 -27.7983 -1.08853 58.3677 47.6939 42.565 69.4793 -35.8513 19.2839 4.90421 53.8346 23.4591 -26.9119 -17.8648 -28.4873 -19.9944 -34.5385 5.2175 
-1.52535e-06 2.54167e-06 -0.000398085 12.8406 27.2378 -3.16624 26.4743 -12.1888 4.90027 -41.7696 -5.50712 0.727272 8.81397 34.3173 4.11893 -49.9936 -55.8492 -46.7955 -11.2033 -35.7444 -30.458 -66.0336 13.4184 -34.3406 18.8093 -0.964228 -34.2796 -17.417 8.67997 -38.2919 13.8464 1.09146 -25.7878 9.90648 -28.256 -32.5763 -18.1804 -0.247481 12.1929 11.4913 19.2887 39.9585 -4.58362 8.45996 -37.335 -67.6904 -20.1629 46.2244 34.3232 5.16436 
2.72437e-06 1.71497e-06 -0.000317499 18.6325 31.237 16.7579 30.0803 44.8207 -52.0586 -8.17741 3.42703 15.3467 -38.1415 35.7192 -32.1864 21.6338 12.7198 -28.473 4.07907 22.773 -44.9421 13.4184 -57.7653 -26.072 13.869 -3.73459 39.7559 16.8785 -51.0279 36.9921 -22.7746 -60.4532 -26.774 24.7496 10.8371 36.158 10.4428 -34.7935 15.6127 -37.2946 -49.8335 8.96626 -51.4292 48.2177 45.1345 0.970759 47.9837 37.3618 30.4199 -5.69198 
-9.2952e-07 -7.81517e-06 -0.000104699 -27.01 -17.3609 9.27518 39.7169 30.278 -34.6667 20.1978 -6.08764 -40.3902 11.8823 -35.5945 -14.1326 34.4574 20.3902 17.8703 -23.5154 -11.581 -32.11 -34.3406 -26.0719 38.4602 -27.3887 23.6109 -13.2359 46.8256 -26.7528 24.4597 13.9299 13.167 31.3694 -39.868 41.5675 46.5349 55.1792 -20.3747 40.6421 41.8905 -29.0182 26.8588 -34.3998 -20.7019 56.9441 -36.7163 -22.7947 -13.1412 -32.0499 41.6501 
-4.16572e-06 2.25562e-05 0.000158634 84.6074 -13.848 -29.5403 12.0354 -20.832 36.1404 26.5924 49.638 44.9118 -41.4623 36.8393 19.2813 -33.2124 -32.7608 -1.59452 -11.869 -29.2781 -0.264799 18.8094 13.869 -27.3885 -13.7273 2.55278 -23.6738 -0.123175 -2.69785 -21.1082 7.36166 -9.90896 -57.5518 10.616 41.4079 -14.447 -17.8017 7.78957 -20.1145 17.1647 -34.4778 -30.2372 38.1333 11.5472 34.2839 33.6712 -19.8628 -33.2975 1.81761 30.307 
-1.30563e-07 2.46786e-06 -0.000152331 -23.5745 35.7139 -25.3668 -37.2807 10.2324 -23.6439 -3.03224 -53.707 -53.5836 23.0451 -13.5063 10.3942 -13.5164 11.6311 20.843 -12.4984 -66.8439 -13.9167 -0.964255 -3.73458 23.6108 2.55278 -46.5853 -24.0618 -59.4359 -49.9837 -24.4203 33.4773 7.88206 -58.0175 11.2849 12.9728 14.5287 21.4807 23.9497 -18.6319 -40.0207 13.0283 -7.22949 24.6214 -7.10706 -2.48259 -23.5589 -59.1115 -28.6602 -38.3971 -9.50924 
-3.33247e-06 1.5038e-07 1.88409e-06 13.0667 -8.95453 18.5751 -32.8135 41.7978 -16.7493 30.3408 -18.1955 38.4327 -37.4438 -33.2519 48.7728 5.36958 19.9473 -2.53709 -46.9237 -8.0227 -43.2574 -34.2796 39.756 -13.236 -23.6738 -24.0618 50.5107 29.704 44.9792 23.3277 -61.7281 12.6671 -36.8729 -1.1769 -17.8741 -40.7295 62.6087 15.3298 33.9107 8.99335 17.5262 17.084 -11.0195 -47.7925 -9.14224 32.3215 35.1314 -48.398 -40.3021 32.4872 
-2.34431e-06 -3.32025e-05 -0.000538595 -2.10845 -32.4328 -12.1904 -13.6238 -32.4252 -14.7725 54.3591 -50.6604 19.142 -5.46279 15.8792 2.13953 -10.7692 -19.7725 -14.648 -79.1752 0.16295 24.5052 -17.417 16.8785 46.8256 -0.123084 -59.4359 29.704 6.52923 8.38651 -19.7103 -4.07437 6.81125 -18.9326 -18.7572 12.085 7.15116 1.96092 -12.8997 14.2688 40.2702 0.693185 -28.2866 -3.85106 17.0291 -10.0382 -18.4067 -2.93451 -32.2341 5.50635 -11.8792 
4.17794e-06 1.22496e-06 -1.91932e-05 -15.2162 28.86 -12.3466 -13.7233 33.8368 -5.11483 -7.91732 -8.4378 10.0784 -40.1182 -22.0801 -9.67418 51.0463 -25.1816 -54.4881 -5.08276 36.1723 -3.9905 8.68003 -51.0279 -26.7528 -2.69782 -49.9837 44.9792 8.38651 -41.6944 -44.3528 9.7622 -1.65289 43.1349 4.4242 56.7646 0.127281 -2.02962 -23.9868 7.81343 -30.7643 7.54369 6.80918 39.0311 9.9843 30.6755 14.4108 24.2841 12.2986 32.382 -38.818 
-1.09611e-06 -7.76984e-06 1.56078e-05 -9.32863 38.7704 47.0647 20.9856 2.73944 -46.4782 19.4293 0.965071 -20.3221 19.8582 -48.8324 -19.9338 -34.456 21.2004 26.3582 -22.5132 35.3183 -19.3967 -38.2919 36.9921 24.4598 -21.1082 -24.4203 23.3276 -19.7103 -44.3528 28.7114 -23.8996 10.6876 37.3872 -0.98711 -29.4469 -56.2659 -39.4063 -13.2896 26.0983 10.6743 41.4591 -36.7587 10.1735 -36.5206 24.2868 41.7415 -13.4466 -31.9565 -2.80069 20.3969 
-7.91631e-07 -6.50007e-06 0.000299647 31.7092 49.0034 -10.4855 -27.9481 -27.1665 -43.4069 34.0384 -7.14766 33.3573 40.1346 3.3652 -28.1298 -27.1839 -33.5959 11.8679 22.8691 -21.2674 60.0685 13.8464 -22.7746 13.9299 7.36168 33.4774 -61.7281 -4.07435 9.76218 -23.8996 -33.4227 17.2688 -16.6036 -4.62826 6.6233 0.691151 -40.9178 13.1517 -36.0778 -38.2112 40.0587 -1.57215 -13.6843 17.5432 1.85559 -2.63634 -37.6052 22.043 12.3889 43.1131 
-1.42481e-06 8.08801e-06 -0.000374377 45.674 55.4631 -7.01107 48.9302 14.4909 -65.272 28.9263 29.615 -32.3456 24.6345 -33.2622 3.4422 -15.0856 -52.8683 -18.0485 4.02836 30.8972 -21.6659 1.09138 -60.4531 13.167 -9.90885 7.88218 12.6671 6.81126 -1.65291 10.6877 17.2687 -51.912 -23.7884 4.46448 7.16846 -6.19741 18.9236 36.8043 14.7004 -30.9842 -18.7377 52.6458 -19.8331 4.38049 10.3823 -0.195798 1.57926 -7.84109 -13.7489 -34.932 
2.445e-06 -2.31165e-05 0.000185665 21.6337 29.9134 -28.7271 -30.9024 -36.3822 34.2183 20.9669 -40.8975 -32.5184 4.42683 -18.4533 -5.34735 -21.2218 26.1863 32.0518 -55.5484 -1.81337 40.3783 -25.7878 -26.7741 31.3694 -57.5518 -58.0176 -36.8729 -18.9326 43.1349 37.3872 -16.6036 -23.7884 -49.8852 31.8322 13.7396 10.567 26.4622 -15.2161 -11.7305 21.2008 11.3524 14.0382 -35.2962 -3.60108 -33.7777 -13.5442 15.1264 -8.96069 -41.4492 -28.2151 
-5.05362e-06 -1.18263e-06 -2.36435e-05 -26.4363 -17.4919 26.738 -18.0726 54.1829 -33.2638 16.813 -2.74373 -11.9911 -10.4471 -29.3225 -4.93426 5.93163 7.7438 28.9886 14.1403 -1.62512 -27.7984 9.90649 24.7495 -39.8681 10.616 11.2849 -1.17689 -18.7571 4.42419 -0.987108 -4.62828 4.46452 31.8322 -2.67194 -21.6153 20.1061 3.1662 6.43951 -17.9394 -10.324 12.1387 7.77689 -35.4234 -17.4624 -13.7372 -35.6773 4.74016 31.7107 29.1764 12.184 
-3.07787e-06 6.6393e-07 0.000256166 9.58103 20.0936 -21.8291 24.1474 17.0723 12.2455 -18.6197 -4.10779 -43.3562 -15.933 45.0612 -19.431 -23.2362 9.59927 19.5584 40.8655 1.12644 -1.08855 -28.256 10.8372 41.5675 41.4079 12.9728 -17.874 12.085 56.7646 -29.4469 6.6233 7.16843 13.7396 -21.6153 -17.2211 12.1335 -21.2322 42.5445 -19.5518 -53.5526 15.384 -40.2598 -39.6298 29.6731 -25.1932 -3.60047 -13.5031 35.5982 30.3053 55.9114 
6.65702e-06 -1.38391e-06 -0.000295587 -0.638883 32.8659 -25.1021 -1.55399 -32.6773 10.4367 -1.91219 34.8141 10.608 -39.0402 22.6764 46.1505 -45.6706 -1.53639 -51.857 -0.672456 26.8979 58.3676 -32.5763 36.1579 46.535 -14.447 14.5287 -40.7295 7.15116 0.127284 -56.266 0.691168 -6.19735 10.5671 20.1062 12.1335 12.9697 31.1127 -17.0108 8.04296 -15.1923 -18.3818 42.4848 43.5919 -19.7868 -22.167 -17.9037 -49.4461 27.5081 37.3386 25.3675 
-7.4179e-07 -4.29178e-06 4.36697e-05 47.2013 -21.7039 1.3318 -25.4826 58.8339 6.51343 10.3846 -24.7855 -38.1918 38.8799 -0.452042 -12.8538 30.8347 29.5131 -0.834474 -22.7875 -13.2954 47.6941 -18.1803 10.4428 55.1793 -17.8017 21.4807 62.6087 1.96092 -2.02964 -39.4063 -40.9178 18.9236 26.4623 3.16623 -21.2322 31.1127 61.5159 -10.1883 -43.716 0.659341 -12.0406 15.7817 62.0935 29.9074 33.4232 -20.0775 -18.7432 39.2559 -0.0678699 -33.2626 
3.29336e-06 -5.05795e-07 7.97175e-05 -22.8565 -16.4679 7.86068 -39.3767 -42.7793 35.8679 -28.658 -17.0901 -7.23633 24.4605 -2.89376 14.8764 -1.95759 -47.0807 -52.533 -30.0561 -17.1993 42.5648 -0.247501 -34.7936 -20.3747 7.78959 23.9497 15.3299 -12.8997 -23.9868 -13.2896 13.1517 36.8042 -15.2161 6.4395 42.5446 -17.0107 -10.1884 -55.4965 30.3547 -38.557 22.7237 3.05827 -9.54925 -39.9068 -41.1139 0.0978455 -6.99641 43.2452 -13.6725 -47.9142 
1.70049e-06 7.90075e-06 4.90183e-05 -30.948 9.85847 52.463 -44.4876 46.4376 13.7036 -20.9977 8.04953 -48.1277 -7.81152 25.8538 -33.599 -12.5433 -41.6847 3.54025 -24.0636 -30.4081 69.4791 12.1929 15.6126 40.6424 -20.1145 -18.6319 33.9109 14.2688 7.81345 26.0983 -36.0778 14.7004 -11.7305 -17.9394 -19.5517 8.04295 -43.716 30.3547 -27.6334 -57.8328 39.0748 -63.6238 36.1548 -12.6388 23.2668 -29.6407 8.44873 -29.9574 9.45975 27.0955 
-3.71435e-06 -1.10313e-05 -0.000219349 36.1593 45.2128 39.7884 8.18273 21.6318 -43.78 1.00857 1.65465 34.746 9.81047 46.2624 -18.1901 -43.0951 -35.3523 12.2849 8.06257 -29.4906 -35.8513 11.4913 -37.2946 41.8904 17.1646 -40.0206 8.99332 40.2703 -30.7643 10.6743 -38.2112 -30.9841 21.2008 -10.324 -53.5525 -15.1923 0.659341 -38.557 -57.8328 7.5491 46.8803 56.4349 -35.5689 44.0856 16.9949 -2.31783 7.38196 -29.4638 -2.24828 -50.28 
-5.26965e-06 -2.41293e-05 -0.000229169 20.8091 18.9698 19.1505 33.9773 -42.3474 -4.61524 -32.2787 36.7199 -57.7898 12.8488 6.32735 -43.9713 -50.918 30.083 -45.4558 2.24976 21.6471 19.2839 19.2887 -49.8335 -29.0182 -34.4777 13.0282 17.5263 0.693239 7.54366 41.459 40.0587 -18.7377 11.3524 12.1387 15.384 -18.3818 -12.0406 22.7237 39.0748 46.8802 24.2564 -29.0161 -23.109 19.4509 32.9492 10.0938 24.708 -4.31832 45.3307 -11.6146 
8.59684e-06 2.88415e-06 -0.000183001 38.2856 26.477 14.5872 -41.0198 1.81537 41.1537 -49.9742 9.44848 -15.3023 5.30932 11.0158 -16.7356 -27.8163 -68.7997 13.1676 2.45751 -49.0491 4.90423 39.9586 8.9663 26.8588 -30.2372 -7.22947 17.084 -28.2866 6.80918 -36.7587 -1.57219 52.6458 14.0383 7.77687 -40.2598 42.4848 15.7817 3.05825 -63.6238 56.435 -29.016 -17.8657 -4.61166 -9.05756 -18.7364 -19.3721 -64.8635 -25.1307 -69.2391 11.5937 
-5.13593e-07 -1.64213e-05 2.67765e-05 4.22379 8.59326 27.508 -46.619 -32.4906 -17.949 -19.7908 34.0622 -36.0581 18.0741 47.9281 -6.2071 34.5295 -9.44906 -46.0479 -26.9944 -1.54353 53.8345 -4.58368 -51.4292 -34.3999 38.1333 24.6215 -11.0195 -3.85111 39.0312 10.1734 -13.6842 -19.8332 -35.2962 -35.4234 -39.6298 43.5919 62.0934 -9.54925 36.1547 -35.5689 -23.109 -4.61166 23.6177 -41.9649 -5.54224 -16.6761 41.7551 -36.4177 23.5236 24.5719 
-8.49199e-07 -3.02385e-06 -7.64579e-05 -6.69002 31.2997 34.3475 -20.8901 31.3058 -41.3323 4.24643 42.7398 43.7994 -22.8992 -26.7364 62.2904 23.9175 -16.3076 50.1846 2.3712 -11.57 23.4592 8.45999 48.2177 -20.7019 11.5472 -7.10707 -47.7925 17.0291 9.98428 -36.5206 17.5431 4.38045 -3.60106 -17.4624 29.6731 -19.7868 29.9074 -39.9068 -12.6388 44.0856 19.4509 -9.05759 -41.9649 -0.689098 -13.0427 -21.7616 4.39446 -12.2333 -39.3836 -8.93996 
-1.96508e-06 5.65963e-06 -0.000219025 -13.2288 55.408 19.5881 10.1914 -25.6566 11.256 22.8751 74.9038 -38.8144 -49.8171 -1.93436 -47.7822 17.5018 -33.823 -15.2225 3.09063 -31.9022 -26.9119 -37.3351 45.1344 56.9443 34.2838 -2.48251 -9.14226 -10.0382 30.6754 24.2868 1.85561 10.3824 -33.7778 -13.7372 -25.1933 -22.1669 33.4232 -41.114 23.2668 16.9949 32.9492 -18.7363 -5.54225 -13.0428 -0.0402764 29.15 -29.2921 26.5779 -5.31439 18.6105 
1.22754e-08 -1.8066e-05 0.000559576 -30.5404 -11.184 18.645 -41.5 35.5225 9.76677 6.1887 -13.8748 -22.6331 41.3216 14.1953 -24.6749 -38.4446 46.622 -8.23238 16.1202 -13.1022 -17.8649 -67.6902 0.970783 -36.7163 33.6712 -23.5589 32.3215 -18.4067 14.4108 41.7415 -2.63634 -0.195762 -13.5442 -35.6773 -3.60048 -17.9037 -20.0775 0.0977845 -29.6408 -2.31776 10.0939 -19.372 -16.6761 -21.7616 29.1501 11.3737 -11.3766 -24.022 41.7981 9.14994 
-7.1503e-06 2.54707e-05 0.000245564 -42.0429 23.7983 -14.8236 -11.0639 7.22135 -28.3954 -51.5844 9.63579 10.2623 1.70502 12.7273 16.4614 46.0946 -16.1817 -48.8154 -13.2417 -9.14273 -28.4873 -20.1629 47.9837 -22.7947 -19.8628 -59.1115 35.1313 -2.93458 24.2842 -13.4466 -37.6052 1.57924 15.1265 4.74016 -13.5031 -49.4461 -18.7432 -6.99638 8.44871 7.38198 24.708 -64.8635 41.7551 4.39447 -29.2921 -11.3766 -11.1884 -29.3461 -5.53219 48.1382 
-8.62314e-07 -9.14478e-06 0.000233598 15.3751 -26.2791 -30.9343 -19.2687 12.2231 -12.3312 27.0891 -34.57 -29.8855 -1.38331 -30.6309 -24.6659 11.4499 -7.84175 12.3977 7.33463 -14.3471 -19.9945 46.2243 37.3618 -13.1412 -33.2976 -28.6602 -48.398 -32.2341 12.2986 -31.9566 22.043 -7.84113 -8.96059 31.7107 35.5982 27.5081 39.2559 43.2452 -29.9574 -29.4638 -4.31831 -25.1307 -36.4177 -12.2334 26.5779 -24.0219 -29.3461 -18.2141 -13.5955 6.00709 
9.76771e-08 3.07355e-05 0.000362761 9.79389 24.6282 18.3885 66.1033 57.9156 -13.8064 24.0791 16.5734 -17.9809 -24.849 39.4113 -20.7857 30.1005 27.0672 -28.4377 -53.8798 6.42364 -34.5385 34.3232 30.4199 -32.05 1.8176 -38.397 -40.3021 5.50634 32.382 -2.80072 12.3889 -13.749 -41.4492 29.1764 30.3053 37.3386 -0.0677952 -13.6725 9.45972 -2.24829 45.3307 -69.2392 23.5235 -39.3837 -5.31441 41.7981 -5.53223 -13.5954 -9.77297 -36.8839 
3.21213e-07 -5.42087e-07 6.62804e-05 -0.897737 -22.6188 25.9125 -42.0726 -27.0251 3.43218 60.9494 43.8844 22.6634 15.2183 23.8982 12.0806 -30.274 -37.1614 4.05151 13.6287 12.4944 5.21747 5.16442 -5.69196 41.6501 30.3069 -9.50919 32.4872 -11.8791 -38.8181 20.3969 43.1131 -34.932 -28.2151 12.184 55.9113 25.3674 -33.2627 -47.9142 27.0955 -50.28 -11.6146 11.5937 24.5719 -8.93992 18.6105 9.14987 48.1382 6.00706 -36.8839 -6.62417 
