83 397.218 1.86018e-08 -7.7671e-06 -1.7268e-06 3.42172e-06 -6.46296e-07 -8.21224e-06 -1.06292e-05 2.32407e-06 2.20181e-06 -3.29521e-06 -1.34962e-05 -3.60415e-06 -1.32322e-05 3.99124e-07 -4.86946e-06 4.51555e-07 9.72084e-07 -1.05107e-07 1.5402e-06 -8.19006e-07 3.74932e-06 -2.4153e-06 4.88406e-07 -1.42736e-06 -2.61369e-06 -2.46029e-06 3.34092e-06 -1.60927e-06 9.52642e-07 1.08765e-06 3.63504e-06 -6.50784e-06 -2.55083e-06 6.62188e-06 1.85468e-06 2.03606e-06 -1.91505e-09 -1.72528e-06 -4.12498e-06 1.07029e-05 -2.81248e-07 -1.21721e-06 -2.69278e-06 -1.6677e-06 -9.46302e-06 -1.65555e-08 6.36424e-07 2.7183e-07 
397.218 1917.54 1069.69 0.000348791 -0.000157406 -3.27199e-05 1.52206e-05 -2.28087e-05 0.000265073 0.000845441 0.000218667 -8.07448e-06 -9.96274e-05 9.72749e-05 -0.000100171 0.000127246 -1.46242e-05 -2.9102e-05 -0.000104023 -4.99811e-05 1.5887e-05 1.07561e-06 -4.54505e-06 -0.000253747 0.000263379 3.32121e-05 -0.000105676 0.00040157 -8.4782e-05 0.000138164 -7.51048e-06 -0.000733233 0.000369028 0.000330168 4.23035e-05 -9.87372e-05 0.000106513 0.000168908 -0.000121469 -4.4658e-05 0.000268218 0.000420599 -0.000254652 0.000211317 -0.000276826 -4.14178e-05 0.000207815 -4.92852e-05 -0.000130309 0.000551364 
1.86018e-08 1069.69 536.677 167.012 -0.00015178 0.000334214 -0.000226863 0.000226313 -8.07072e-05 0.000320114 0.000151114 -0.000166954 0.000153752 -1.37477e-05 -0.00010623 -8.00365e-05 -8.67728e-05 9.34737e-06 0.000246615 -5.87532e-05 0.000305631 -0.000321204 -0.00031708 -0.000114957 0.000304529 -5.4744e-05 -8.71738e-06 -0.000570607 -3.02754e-05 -2.94249e-06 0.000410542 -0.000136897 0.000128023 -7.99059e-05 0.000267568 -0.000298429 0.000133194 2.75868e-05 -4.72404e-05 -0.000128111 -0.000156087 -0.000100192 -1.58435e-05 -0.000108124 -0.000314919 0.000436471 0.000421047 0.000170546 0.000460944 9.02183e-05 
-7.7671e-06 2.20439e-05 167.012 -12.9172 186.184 1.74007e-05 -8.66753e-05 8.15397e-05 5.11662e-05 -4.05134e-06 4.55489e-05 -8.98382e-06 5.90034e-05 6.15615e-05 -6.6899e-05 2.70913e-06 -1.37615e-05 3.396e-05 9.68808e-06 7.47002e-06 6.58486e-05 2.46298e-05 4.16473e-06 4.8764e-05 -4.81623e-05 -0.000160406 -1.82859e-07 6.76267e-05 2.92129e-05 7.80662e-06 -3.94721e-05 6.34167e-05 -1.9143e-06 8.21112e-06 -5.96161e-05 4.38086e-05 1.97181e-05 5.13553e-05 -1.76123e-05 -4.37864e-05 6.21087e-05 1.89616e-05 -3.52279e-05 -4.21719e-05 -3.58896e-05 7.83912e-06 -3.96936e-05 1.15196e-05 -5.81723e-05 -1.74642e-05 
-1.7268e-06 -4.9581e-06 -0.000161305 186.184 -26.8823 -22.4058 30.3604 -9.98952 21.9245 48.3361 18.4956 35.9975 3.30935 23.013 9.04278 -63.9843 -24.5463 22.0023 10.4264 16.0898 8.66508 30.9214 -41.444 4.37137 17.6911 -15.5071 -20.1823 16.4983 -19.3732 -21.5007 -9.38374 -30.3726 -41.3223 24.842 -8.60236 9.87873 15.858 14.971 -43.6306 34.9682 -23.5982 46.8192 3.98839 51.5649 30.4111 -0.698174 -44.9729 -8.3283 -20.8862 15.2883 
3.42172e-06 -1.62728e-05 0.000298667 -4.01831e-06 -22.4058 -23.7216 -0.807106 45.9341 10.7187 -31.1554 26.5529 -21.9428 -20.2568 -24.4843 -29.6815 -17.4307 -48.3918 14.6169 -46.4455 14.6548 -40.5102 -2.53643 39.3445 -0.238254 -27.4088 -14.1745 23.3758 -26.0529 -0.908137 62.6048 9.81434 22.7104 -6.15565 11.5761 -12.625 -18.7994 -3.02505 -3.81425 63.336 47.2887 33.6532 13.8656 29.3308 27.8573 24.8283 11.8007 -1.13407 -33.9412 32.2914 15.2679 
-6.46296e-07 1.27653e-05 -0.000305575 2.02403e-07 30.3604 -0.807105 1.38401 39.1045 29.9388 57.8675 64.0528 2.12864 4.98046 -36.5081 14.55 47.7982 18.1518 -39.6283 0.181184 24.8791 -1.91939 24.1851 28.685 43.8046 -3.22862 -31.9798 -34.7734 -14.471 -9.92725 24.071 -31.9353 43.2299 -32.8474 -14.5918 23.2155 -0.876987 -34.4912 -36.2398 -37.8683 2.24499 31.4656 -48.0769 -47.2285 -20.2452 13.0734 -36.5303 -2.16784 -22.3442 65.5503 -42.855 
-8.21224e-06 8.58635e-06 0.000311186 -7.80157e-06 -9.98964 45.9341 39.1045 -7.14022 12.5718 -25.0691 -4.10593 13.8918 -32.6236 -22.3584 -29.8387 -5.17267 29.2248 0.100641 -8.35629 -38.119 -10.2758 -11.9841 30.3146 35.4405 -18.1042 1.42186 39.1648 -23.0607 25.2714 -8.33632 -39.4642 -3.55166 -50.7298 63.2321 11.2593 -37.0138 64.1436 -35.935 37.4803 18.2965 -51.2242 4.2015 -33.5269 35.4081 -29.89 38.6873 -4.20815 15.0371 48.9037 -19.7988 
-1.06292e-05 -1.74489e-06 -6.86379e-05 1.04531e-06 21.9245 10.7187 29.939 12.5718 30.2641 25.0025 39.1992 9.71793 16.5298 8.99468 12.5714 -6.06018 15.4108 21.6515 48.3683 -54.1481 -17.5811 3.69941 -51.1353 -33.148 27.9797 -19.9203 -17.4596 -16.2678 -2.19304 -43.6381 -44.0664 -66.1631 34.8409 -32.497 12.4238 11.2756 1.27854 36.7072 18.122 -46.4571 -4.90287 37.2534 -18.1453 -41.4647 13.2175 11.9653 -22.5263 -14.2316 -13.0714 2.2122 
2.32407e-06 5.92497e-06 0.000318304 1.84469e-06 48.3359 -31.1554 57.8674 -25.0691 25.0025 28.1363 -15.1075 11.3345 8.42749 15.1706 -17.9005 -43.8939 10.2531 37.3068 25.8402 -9.51761 60.4866 -45.0034 -7.08817 24.8154 4.74674 6.19891 28.1599 51.2195 -0.834829 26.0461 31.0533 24.7547 21.257 19.7718 -18.7026 -0.0616122 -3.2823 -25.7172 -9.89835 -6.56982 -33.9227 -60.3094 -20.4236 4.28739 27.7777 12.4537 -36.7945 22.2139 25.1932 58.3476 
2.20181e-06 -3.33337e-06 0.000170004 2.39443e-06 18.4956 26.5529 64.0528 -4.10595 39.1992 -15.1075 4.35132 -23.6607 -38.5469 -11.6548 -36.6447 -44.1822 17.3487 -8.98497 -23.2213 -6.55812 -1.9758 -3.65528 12.2536 -12.3027 61.2683 -53.6088 -15.1326 -54.8621 -7.18052 4.15155 2.73536 43.9871 -31.6842 -10.4841 -0.251843 36.5163 -19.8683 -23.3761 7.09642 8.49185 43.54 14.2336 35.1292 40.0291 74.6642 -19.7938 8.03461 -33.4182 21.7881 40.7521 
-3.29521e-06 1.06041e-05 -0.00019751 -4.05391e-07 35.9975 -21.9428 2.12865 13.8918 9.71797 11.3346 -23.6607 -18.9975 -13.4849 5.27467 -24.4867 -27.1606 -1.19473 -28.0326 -14.7933 -41.7472 -18.1969 -3.96256 7.70561 -30.2093 14.088 -45.4494 33.4999 20.4428 15.166 -17.532 21.0531 -50.0873 -41.2492 -1.80087 -47.1924 10.5971 -55.1742 1.5187 -37.3022 21.3185 -65.91 -29.1854 -37.6631 46.4804 -34.2098 -11.2725 25.0105 -35.356 -22.0756 23.4003 
-1.34962e-05 -8.40537e-06 0.000159275 -6.70057e-07 3.3094 -20.2569 4.98041 -32.6235 16.5298 8.42747 -38.5469 -13.4849 -10.1379 19.38 -10.5 36.9805 -30.8115 36.5683 10.2386 -35.3692 -20.8939 8.75334 -43.2435 13.9044 -41.3945 20.2994 -38.468 -2.26957 -42.8654 16.201 35.6482 18.0609 -0.65192 -7.11453 -17.9988 -40.5027 40.2006 27.01 -10.5322 8.3148 9.63145 5.73007 17.6803 -21.4419 -51.1172 42.7026 -1.74094 -0.585749 -28.0007 17.6752 
-3.60415e-06 -1.83105e-06 -8.8497e-06 -8.56118e-07 23.013 -24.4842 -36.5082 -22.3584 8.99473 15.1705 -11.6548 5.27469 19.3801 -28.7853 -30.84 1.88017 16.9525 15.8144 -5.7096 10.9027 -5.3161 34.2911 42.1117 -37.9689 36.0667 -9.79385 -32.0444 11.8009 -18.4334 -44.0664 8.86203 -25.2016 -12.1151 -33.3823 47.6332 24.5571 -2.52864 -5.97839 29.594 47.8874 10.285 10.166 48.3989 -28.5511 -0.159816 12.6717 17.4875 -31.7784 43.374 20.7546 
-1.32322e-05 4.74543e-07 -0.000187316 3.6956e-07 9.04269 -29.6815 14.55 -29.8386 12.5715 -17.9005 -36.6446 -24.4866 -10.5 -30.84 -1.03328 -8.68347 -2.13615 22.1171 22.9626 37.0431 51.4491 1.47916 -33.4434 -9.55207 1.64784 16.707 46.5806 0.939224 -5.09918 -16.1164 -32.4229 -2.68454 -7.24079 -1.14576 -20.3637 47.0339 -23.3498 18.3221 -25.7652 -24.9439 -46.6487 -24.9152 -6.8836 62.9343 -44.3632 -19.0311 26.9752 -28.2734 -21.2055 11.0064 
3.99124e-07 -3.89639e-06 -5.53938e-06 -2.03923e-07 -63.9842 -17.4307 47.798 -5.17263 -6.06017 -43.894 -44.1822 -27.1606 36.9804 1.88015 -8.68348 6.65166 -50.3539 36.9086 22.6389 32.5413 -4.09047 -46.0254 26.6583 26.3874 -6.99721 -21.2198 9.2669 -10.955 45.9314 -37.8803 -18.019 -1.90074 -15.2643 -1.76885 -20.5709 -46.0825 45.6474 -8.66384 -22.5269 -32.1143 -44.9435 -15.8965 35.7803 22.0585 13.2143 -47.7018 32.5685 16.3288 32.6729 -30.1927 
-4.86946e-06 -5.42625e-06 -5.66572e-05 -3.02467e-06 -24.5463 -48.3918 18.1518 29.2249 15.4108 10.2531 17.3487 -1.19474 -30.8113 16.9525 -2.13612 -50.3539 -59.4053 22.3336 -41.5612 22.1441 -12.8839 -57.2636 4.34712 25.7533 -41.4918 10.6267 17.2949 -15.5277 -27.0589 17.5626 -42.5549 -65.9135 17.5304 14.6992 5.99686 -3.31313 26.2597 -41.4853 -41.8894 -41.0053 23.8594 -72.2588 -10.3855 -13.7737 -34.0834 51.5452 -16.1444 -8.43853 22.0741 -33.9712 
4.51555e-07 -2.50732e-05 -7.06511e-06 6.54056e-06 22.0023 14.617 -39.6281 0.100654 21.6515 37.3066 -8.98494 -28.0327 36.5682 15.8144 22.1171 36.9086 22.3336 -32.695 14.1554 -52.7625 -13.686 -49.1761 -19.6134 18.2253 -18.4279 32.2302 -2.59613 -22.0748 -44.7439 37.1774 16.6393 -10.9022 40.2627 26.0119 22.7448 -48.1398 -13.3767 -54.292 16.3186 8.8348 -41.6535 4.59232 -45.9131 47.9239 -9.42394 -5.60766 -32.0704 7.41032 -22.6271 -1.80514 
9.72084e-07 -6.86486e-06 0.000353511 4.93827e-07 10.4264 -46.4455 0.181203 -8.35631 48.3683 25.8403 -23.2212 -14.7934 10.2386 -5.70962 22.9626 22.6389 -41.5612 14.1554 13.959 14.7873 34.3538 -13.6724 1.97524 -18.8806 -28.2755 -7.12273 -49.1524 -79.7087 -1.32545 -19.6277 18.0511 -2.87885 -58.2404 18.2775 39.6193 -0.117381 -32.3189 -26.3814 -17.2671 1.50048 -0.831569 -5.0817 -27.6965 3.23715 6.03622 21.6279 -4.0826 4.12156 -54.847 13.0779 
-1.05107e-07 -6.03057e-06 -2.38371e-05 6.54298e-07 16.0897 14.6547 24.879 -38.119 -54.1481 -9.51759 -6.55812 -41.7472 -35.3692 10.9027 37.0432 32.5414 22.1441 -52.7626 14.7873 -39.909 7.61339 -38.8705 20.5113 -5.8646 -50.0883 -59.8084 -10.7673 -0.767679 41.1555 39.2684 -27.0201 22.6615 -4.82282 3.35591 -0.289513 27.7181 -25.4871 -12.7422 -21.5732 -37.6929 17.9957 -58.6427 -2.40228 -10.5879 -28.0635 -6.22799 2.74609 -18.485 5.44787 11.6004 
1.5402e-06 -2.48548e-06 0.000171784 -3.41257e-07 8.66501 -40.5101 -1.91937 -10.2759 -17.5811 60.4866 -1.97583 -18.1969 -20.8939 -5.31609 51.4492 -4.09044 -12.8839 -13.6859 34.3537 7.6134 53.9658 -31.1965 -47.512 -29.9906 -4.99064 -13.4147 -44.2964 25.5778 -3.95793 -19.9662 56.9492 -26.1924 37.6469 -25.3195 -2.24335 57.9665 45.4408 44.6089 70.4023 -38.3266 17.1551 2.88231 53.48 24.2699 -26.5583 -15.7389 -27.1587 -20.6186 -36.0297 6.00203 
-8.19006e-07 2.04515e-06 -0.000385279 1.82472e-06 30.9215 -2.53638 24.185 -11.9841 3.69944 -45.0034 -3.65526 -3.96258 8.75335 34.291 1.47911 -46.0255 -57.2636 -49.1761 -13.6724 -38.8705 -31.1964 -66.3947 17.2893 -35.2416 16.0211 2.20268 -33.8035 -20.1478 11.5786 -34.7856 16.7558 5.37987 -22.0342 7.83819 -26.7543 -31.274 -20.8605 -1.74491 15.5757 11.6359 21.4375 38.3548 -4.37475 7.39853 -35.7687 -67.9159 -15.7866 45.0294 36.7698 3.04001 
3.74932e-06 9.94489e-07 -0.000298917 -2.65078e-07 -41.444 39.3445 28.6849 30.3145 -51.1352 -7.08822 12.2537 7.70565 -43.2435 42.1117 -33.4435 26.6583 4.34713 -19.6134 1.97524 20.5113 -47.512 17.2893 -45.7714 -36.6238 38.7804 -7.20772 44.9189 12.1943 -52.0295 38.8872 -7.70022 -38.5982 -13.9231 12.7004 16.2954 37.8292 22.7087 -44.7891 9.92927 -24.709 -39.5936 19.7428 -49.6805 44.3878 42.8793 -9.80889 39.9444 40.8901 37.3219 -9.08181 
-2.4153e-06 -6.77076e-06 -0.000131636 -1.58977e-06 4.37136 -0.238304 43.8046 35.4406 -33.148 24.8154 -12.3027 -30.2093 13.9043 -37.9688 -9.55205 26.3875 25.7533 18.2253 -18.8805 -5.86454 -29.9907 -35.2416 -36.6237 43.8482 -32.4646 19.9978 -15.9272 52.8423 -30.8825 18.2906 3.70953 -1.75989 20.6763 -32.0987 37.1697 43.8781 54.713 -14.2692 37.5285 36.9103 -36.2291 25.281 -35.3853 -17.6041 55.3604 -32.2929 -26.5633 -12.6159 -38.4624 46.2348 
4.88406e-07 1.92846e-05 0.000243011 1.31154e-06 17.6912 -27.4088 -3.2287 -18.1043 27.9797 4.74677 61.2682 14.0878 -41.3946 36.0668 1.64767 -6.99715 -41.4917 -18.4279 -28.2756 -50.0883 -4.99065 16.0212 38.7804 -32.4645 -34.7965 24.1713 -20.9531 -18.0494 16.8868 2.29233 25.5211 16.8916 -33.5088 -2.16923 50.9972 -5.84524 -36.966 -1.34845 3.16189 16.9647 -20.9828 -42.024 39.3748 4.76666 45.0249 33.1598 10.3131 -41.6613 17.6251 16.3381 
-1.42736e-06 3.37943e-06 -0.000175841 -3.24461e-06 -15.5071 -14.1744 -31.9799 1.42182 -19.9203 6.19889 -53.6088 -45.4494 20.2994 -9.79378 16.7071 -21.2198 10.6266 32.2302 -7.12267 -59.8085 -13.4148 2.20265 -7.20769 19.9978 24.1713 -56.9967 -22.3878 -54.8335 -58.2728 -32.6769 34.3194 8.91581 -60.69 9.92663 12.0842 12.0131 35.6061 22.2416 -30.8778 -33.2346 13.1413 3.18082 25.0616 -6.46297 -7.9377 -29.1008 -75.3451 -23.468 -40.9787 -5.78414 
-2.61369e-06 -3.5488e-07 1.49151e-05 1.15755e-06 -20.1823 23.3759 -34.7734 39.1648 -17.4596 28.1599 -15.1326 33.4998 -38.4679 -32.0444 46.5805 9.26689 17.295 -2.59613 -49.1524 -10.7673 -44.2964 -33.8035 44.919 -15.9272 -20.9531 -22.3878 51.8536 26.7867 46.9294 26.2829 -56.6845 20.0315 -31.6321 -5.01826 -15.7166 -39.4462 62.9822 12.3046 35.3201 11.5159 21.0798 17.9672 -10.5295 -49.3121 -8.41755 30.0859 36.8228 -48.6039 -37.1692 30.2664 
-2.46029e-06 -3.31209e-05 -0.000540698 -3.14321e-08 16.4983 -26.053 -14.471 -23.0607 -16.2677 51.2196 -54.8621 20.4427 -2.26953 11.8009 0.939236 -10.955 -15.5277 -22.0748 -79.7088 -0.767698 25.5778 -20.1478 12.1943 52.8424 -18.0493 -54.8336 26.7867 7.43577 11.2168 -18.2591 -11.4421 -3.81723 -24.2496 -12.6733 9.75663 7.07612 -7.85516 -7.68742 20.4379 32.3897 -4.18115 -36.3421 -4.80312 18.6571 -7.4209 -11.7338 5.48221 -35.3787 2.97657 -11.3353 
3.34092e-06 1.81334e-06 -3.43678e-05 -1.22032e-07 -19.3731 -0.9082 -9.92726 25.2714 -2.19304 -0.834861 -7.18053 15.166 -42.8654 -18.4334 -5.09915 45.9314 -27.0589 -44.7438 -1.32541 41.1555 -3.95792 11.5787 -52.0295 -30.8825 16.8867 -58.2727 46.9294 11.2168 -48.0574 -50.3028 12.4161 2.0541 42.8496 1.78813 56.8287 -1.53898 10.229 -26.6104 -2.15039 -23.9777 9.00154 16.0765 39.5963 9.95478 26.2741 8.80117 11.0082 16.6731 31.3676 -36.4733 
-1.60927e-06 -7.40912e-06 6.30463e-06 -1.12827e-06 -21.5008 62.6047 24.0709 -8.33633 -43.638 26.0462 4.15155 -17.5319 16.201 -44.0665 -16.1164 -37.8804 17.5626 37.1774 -19.6277 39.2683 -19.9663 -34.7856 38.8872 18.2906 2.2923 -32.6768 26.2828 -18.2591 -50.3028 23.8074 -18.0024 19.111 40.1257 -6.16329 -28.1174 -57.3735 -25.5345 -17.976 15.8221 19.7044 45.1551 -25.9213 11.0888 -37.4396 19.8069 34.1897 -27.2475 -27.2041 -2.10373 21.7134 
9.52642e-07 -7.72619e-06 0.00033127 1.79367e-06 -9.3838 9.81419 -31.9353 -39.464 -44.0666 31.0533 2.73532 21.0531 35.6482 8.86199 -32.423 -18.019 -42.5549 16.6393 18.051 -27.0201 56.9491 16.7558 -7.70025 3.70958 25.5211 34.3195 -56.6845 -11.4421 12.4161 -18.0024 -16.8518 41.3788 -0.930523 -17.5612 13.1677 3.71819 -33.5641 2.68812 -36.885 -27.1506 51.5247 5.80081 -11.9182 12.9417 1.80721 -12.2332 -39.2434 23.6433 21.3294 37.6013 
1.08765e-06 6.32189e-06 -0.000328827 8.56468e-07 -30.3726 22.7105 43.2299 -3.55169 -66.163 24.755 43.9871 -50.0872 18.0608 -25.2016 -2.68455 -1.90076 -65.9134 -10.9021 -2.87881 22.6615 -26.1924 5.37981 -38.5982 -1.75994 16.8918 8.91588 20.0315 -3.81722 2.05409 19.1111 41.3788 -16.8363 -1.04821 -14.3654 16.668 -1.84212 29.8751 21.5585 13.3022 -14.7773 -2.06377 63.5571 -17.2572 -2.29839 10.212 -14.2515 -1.10032 -5.41895 -0.79654 -42.878 
3.63504e-06 -2.3953e-05 0.000207239 1.27149e-06 -41.3223 -6.15562 -32.8473 -50.7296 34.841 21.257 -31.6841 -41.2493 -0.651881 -12.1151 -7.24077 -15.2643 17.5305 40.2628 -58.2404 -4.82283 37.647 -22.0342 -13.9232 20.6762 -33.5089 -60.69 -31.6321 -24.2496 42.8497 40.1257 -0.930535 -1.04825 -36.2124 19.3674 19.5242 12.5442 37.9806 -25.5031 -16.5439 33.7275 22.0413 24.3418 -33.5095 -7.66191 -35.6329 -24.2982 8.21787 -5.75112 -34.0006 -32.0992 
-6.50784e-06 -1.60397e-07 -5.00077e-05 -3.28384e-06 24.842 11.576 -14.5918 63.232 -32.497 19.7718 -10.4841 -1.80086 -7.1145 -33.3823 -1.14572 -1.76888 14.6992 26.012 18.2775 3.35591 -25.3195 7.83821 12.7004 -32.0988 -2.16924 9.92669 -5.01825 -12.6733 1.7881 -6.16329 -17.5613 -14.3653 19.3674 7.37475 -26.8049 17.5647 -1.65114 14.5271 -18.1276 -18.5392 3.15849 2.6954 -36.7782 -13.8123 -14.065 -28.5262 4.93595 30.8043 21.9952 16.7543 
-2.55083e-06 2.93454e-07 0.000265721 2.57381e-06 -8.60236 -12.625 23.2156 11.2593 12.4238 -18.7026 -0.251826 -47.1924 -17.9989 47.6331 -20.3636 -20.5709 5.99686 22.7447 39.6192 -0.28953 -2.24337 -26.7543 16.2954 37.1697 50.9972 12.0842 -15.7165 9.75665 56.8287 -28.1174 13.1678 16.668 19.5243 -26.8049 -14.7791 13.0172 -16.7216 38.2747 -21.2963 -48.4573 19.8575 -36.1757 -38.8915 27.9584 -25.8493 -7.98103 -16.0367 36.8273 33.4816 54.2025 
6.62188e-06 -1.35921e-06 -0.000296224 -9.30941e-08 9.87878 -18.7994 -0.877018 -37.0139 11.2755 -0.0616013 36.5162 10.5971 -40.5026 24.5571 47.034 -46.0825 -3.31317 -48.1397 -0.117371 27.7181 57.9665 -31.274 37.8291 43.8782 -5.84523 12.013 -39.4463 7.07612 -1.53897 -57.3735 3.71819 -1.84208 12.5442 17.5647 13.0172 12.841 35.9675 -19.2225 4.779 -11.5826 -16.4072 46.3942 44.004 -20.4032 -23.5681 -20.9474 -53.8692 29.1055 38.1966 25.3834 
1.85468e-06 -6.11695e-06 9.07421e-05 3.8959e-06 15.8579 -3.02499 -34.4912 64.1438 1.27853 -3.28229 -19.8683 -55.1742 40.2007 -2.52863 -23.3498 45.6475 26.2597 -13.3767 -32.319 -25.4871 45.441 -20.8604 22.7087 54.713 -36.966 35.606 62.9822 -7.85518 10.229 -25.5344 -33.564 29.875 37.9807 -1.6511 -16.7216 35.9675 46.6904 -13.2845 -28.02 -2.6191 -6.33447 5.85285 62.4161 26.7105 40.5742 -17.6881 1.77366 33.2433 7.89315 -40.977 
2.03606e-06 3.78014e-07 5.69234e-05 -1.94358e-06 14.9711 -3.81425 -36.2398 -35.9351 36.7073 -25.7173 -23.3761 1.5187 27.0101 -5.97838 18.3221 -8.66387 -41.4854 -54.2919 -26.3814 -12.7422 44.6088 -1.74494 -44.7892 -14.2692 -1.34845 22.2416 12.3046 -7.68742 -26.6104 -17.976 2.68811 21.5585 -25.5031 14.5271 38.2748 -19.2225 -13.2845 -49.0217 29.4911 -44.8408 15.4307 -0.468167 -10.625 -36.9024 -41.6968 5.58905 -7.77917 42.8097 -19.6595 -43.9832 
-1.91505e-09 9.09744e-06 1.81547e-05 -6.19475e-06 -43.6307 63.3362 -37.8684 37.4805 18.122 -9.89834 7.09643 -37.3021 -10.5323 29.594 -25.7653 -22.5268 -41.8894 16.3186 -17.2672 -21.5732 70.402 15.5757 9.92923 37.5287 3.16185 -30.8778 35.3202 20.4379 -2.15038 15.8221 -36.885 13.3023 -16.5439 -18.1276 -21.2962 4.77899 -28.0199 29.4911 -41.8426 -51.1056 37.9679 -52.2669 36.4779 -11.3897 16.9034 -35.0738 -10.326 -24.0688 5.47992 32.0399 
-1.72528e-06 -1.24295e-05 -0.000183288 3.8885e-06 34.9682 47.2889 2.24499 18.2967 -46.4572 -6.5699 8.49181 21.3185 8.31484 47.8874 -24.9439 -32.1144 -41.0053 8.83484 1.50045 -37.6929 -38.3266 11.6359 -24.709 36.9103 16.9647 -33.2346 11.5158 32.3897 -23.9778 19.7044 -27.1505 -14.7773 33.7275 -18.5392 -48.4573 -11.5825 -2.61913 -44.8408 -51.1055 11.2265 54.8131 55.3815 -34.5988 40.4916 20.2088 -5.71449 15.9033 -31.4383 5.52666 -56.3434 
-4.12498e-06 -2.49339e-05 -0.000208416 4.86249e-06 -23.5982 33.6531 31.4657 -51.2243 -4.90295 -33.9226 43.5402 -65.9101 9.63141 10.285 -46.6484 -44.9436 23.8593 -41.6536 -0.831526 17.9958 17.1551 21.4375 -39.5936 -36.229 -20.9828 13.1412 21.0799 -4.18111 9.00152 45.1551 51.5246 -2.06376 22.0412 3.1585 19.8575 -16.4072 -6.33452 15.4307 37.968 54.8131 32.169 -23.4636 -21.8713 16.3064 32.6707 3.22637 22.8489 -2.98136 51.3805 -15.2484 
1.07029e-05 1.40373e-06 -0.00014482 -1.93785e-06 46.8192 13.8656 -48.0768 4.20142 37.2535 -60.3094 14.2336 -29.1854 5.73005 10.1659 -24.9151 -15.8966 -72.2588 4.59235 -5.08167 -58.6429 2.88232 38.3549 19.7428 25.2811 -42.024 3.18083 17.9672 -36.3422 16.0766 -25.9213 5.80078 63.5571 24.3419 2.69538 -36.1757 46.3942 5.85286 -0.468182 -52.267 55.3816 -23.4635 -24.2188 -4.16233 -11.9477 -13.5236 -18.7903 -50.0892 -29.3248 -62.3469 5.29657 
-2.81248e-07 -1.65846e-05 3.09887e-05 4.38158e-08 3.98831 29.3308 -47.2285 -33.5268 -18.1453 -20.4235 35.129 -37.6631 17.6804 48.3989 -6.8836 35.7802 -10.3855 -45.913 -27.6964 -2.40229 53.4799 -4.37482 -49.6805 -35.3854 39.3748 25.0617 -10.5294 -4.80317 39.5965 11.0888 -11.9182 -17.2572 -33.5095 -36.7782 -38.8914 44.004 62.4161 -10.625 36.4778 -34.5988 -21.8713 -4.16233 23.7941 -42.4848 -5.3646 -17.5294 42.122 -36.4185 24.5782 23.8503 
-1.21721e-06 -2.76516e-06 -8.31296e-05 -1.53431e-06 51.5649 27.8574 -20.2451 35.4081 -41.4646 4.28741 40.0294 46.4804 -21.442 -28.5511 62.9341 22.0586 -13.7737 47.9238 3.23711 -10.5879 24.2699 7.39857 44.3878 -17.6041 4.7667 -6.463 -49.3121 18.6571 9.95475 -37.4396 12.9417 -2.29839 -7.66188 -13.8123 27.9584 -20.4032 26.7106 -36.9024 -11.3897 40.4916 16.3064 -11.9477 -42.4848 0.51492 -12.5714 -18.6723 6.2056 -13.1069 -41.6113 -7.7458 
-2.69278e-06 6.17116e-06 -0.000232217 -1.54076e-07 30.4111 24.8283 13.0734 -29.89 13.2175 27.7776 74.6642 -34.2098 -51.1172 -0.159809 -44.3633 13.2142 -34.0833 -9.4238 6.03624 -28.0635 -26.5583 -35.769 42.8793 55.3605 45.0249 -7.93761 -8.41758 -7.42093 26.274 19.8069 1.80721 10.212 -35.633 -14.065 -25.8493 -23.5681 40.5741 -41.6969 16.9034 20.2088 32.6707 -13.5236 -5.36461 -12.5714 -2.88407 26.5419 -37.7108 29.2389 -6.92395 20.7156 
-1.6677e-06 -1.68851e-05 0.000529119 -8.82137e-07 -0.69809 11.8008 -36.5302 38.6872 11.9653 12.4537 -19.7938 -11.2725 42.7026 12.6717 -19.0311 -47.7018 51.5451 -5.60773 21.6279 -6.228 -15.7391 -67.9156 -9.80887 -32.2929 33.1597 -29.1008 30.0858 -11.7337 8.80116 34.1896 -12.2332 -14.2515 -24.2983 -28.5261 -7.98103 -20.9473 -17.688 5.589 -35.0738 -5.71446 3.22638 -18.7902 -17.5295 -18.6723 26.542 14.4881 -18.2358 -22.478 35.1526 14.2784 
-9.46302e-06 2.70964e-05 0.000203636 2.55776e-06 -44.9731 -1.13396 -2.16781 -4.20816 -22.5261 -36.7944 8.03463 25.0105 -1.74087 17.4875 26.9752 32.5685 -16.1443 -32.0705 -4.08252 2.74605 -27.1586 -15.7866 39.9445 -26.5634 10.3131 -75.345 36.8228 5.48217 11.0082 -27.2475 -39.2435 -1.10026 8.21791 4.93594 -16.0367 -53.8692 1.77372 -7.77914 -10.326 15.9034 22.8489 -50.0891 42.122 6.20563 -37.7108 -18.2358 -35.9757 -21.609 -11.1061 54.8705 
-1.65555e-08 -9.7393e-06 0.000248931 8.33825e-07 -8.32837 -33.941 -22.3442 15.0371 -14.2317 22.2139 -33.418 -35.356 -0.585768 -31.7784 -28.2733 16.3287 -8.43855 7.41028 4.12156 -18.485 -20.6186 45.0294 40.8901 -12.6159 -41.6612 -23.468 -48.604 -35.3787 16.6731 -27.2042 23.6434 -5.41898 -5.751 30.8043 36.8273 29.1055 33.2433 42.8097 -24.0688 -31.4383 -2.98133 -29.3247 -36.4185 -13.107 29.2389 -22.4779 -21.609 -20.558 -11.2478 3.51674 
6.36424e-07 3.03568e-05 0.000372528 -9.48115e-07 -20.8862 32.2915 65.5503 48.9036 -13.0713 25.1933 21.7882 -22.0756 -28.0007 43.374 -21.2054 32.6729 22.074 -22.6271 -54.8471 5.44788 -36.0298 36.7697 37.3218 -38.4626 17.6251 -40.9786 -37.1692 2.97656 31.3675 -2.10375 21.3294 -0.796576 -34.0006 21.9951 33.4816 38.1965 7.89321 -19.6595 5.47988 5.52665 51.3805 -62.3469 24.5782 -41.6113 -6.92398 35.1526 -11.1061 -11.2478 -5.831 -38.6945 
2.7183e-07 -5.07373e-07 6.53851e-05 -1.19209e-07 15.2882 15.2678 -42.8549 -19.7987 2.21221 58.3476 40.752 23.4001 17.6751 20.7546 11.0064 -30.1926 -33.9711 -1.80517 13.0779 11.6005 6.002 3.04007 -9.08178 46.2347 16.3381 -5.78409 30.2664 -11.3353 -36.4735 21.7135 37.6014 -42.8779 -32.0992 16.7542 54.2024 25.3833 -40.9771 -43.9832 32.0399 -56.3434 -15.2484 5.2966 23.8502 -7.74576 20.7156 14.2783 54.8704 3.51673 -38.6945 -6.32536 
