83 397.218 1.86018e-08 -7.7671e-06 -1.7268e-06 4.97796e-07 -2.12491e-07 -8.35497e-06 -1.03159e-05 3.01472e-06 2.46608e-06 -2.78086e-06 -1.34489e-05 -3.27533e-06 -1.3103e-05 -5.15115e-07 -5.22019e-06 7.65936e-07 1.12106e-06 1.24792e-07 1.66401e-06 -3.77184e-07 3.15715e-06 -2.35284e-06 7.41187e-07 -1.64894e-06 -2.90206e-06 -2.22456e-06 3.06411e-06 -1.91648e-06 8.18562e-07 6.53673e-07 3.0446e-06 -6.15289e-06 -2.67374e-06 6.76303e-06 2.08127e-06 2.24998e-06 -6.25333e-07 -1.22564e-06 -4.46216e-06 1.13719e-05 -2.24261e-07 -4.80422e-07 -2.25825e-06 -1.67768e-06 -1.01056e-05 -1.35556e-07 3.37992e-07 4.90275e-07 
397.218 1917.54 1069.69 0.000348791 -0.000157406 0.000506774 -6.48208e-05 3.52771e-06 0.000207272 0.00071801 0.000169905 -0.000102977 -0.000108352 3.66041e-05 -0.00012401 0.000295933 5.0089e-05 -8.71084e-05 -0.000131511 -9.23997e-05 -6.95718e-06 -8.0445e-05 0.000104717 -0.000265272 0.000216739 7.40948e-05 -5.24675e-05 0.000358074 -3.37073e-05 0.000194848 1.72287e-05 -0.00065316 0.000477969 0.000264675 6.49826e-05 -0.000124781 6.47052e-05 0.000129439 -6.44203e-06 -0.000136847 0.000330431 0.000297166 -0.000265167 7.53728e-05 -0.000357001 -3.95774e-05 0.000326381 -2.73284e-05 -7.5245e-05 0.000511059 
1.86018e-08 1069.69 536.677 167.012 -0.00015178 -0.000285773 -0.000134879 0.000196047 -1.42821e-05 0.000466559 0.000207151 -5.78912e-05 0.000163779 5.59752e-05 -7.88333e-05 -0.000273891 -0.000161141 7.60083e-05 0.000278204 -1.00058e-05 0.000331883 -0.000227521 -0.000442644 -0.000101713 0.000358128 -0.000101726 -6.98642e-05 -0.000520622 -8.89705e-05 -6.8084e-05 0.000382111 -0.000228918 2.82736e-06 -4.64146e-06 0.000241505 -0.000268499 0.000181239 7.2945e-05 -0.000179429 -2.21667e-05 -0.000227583 4.16575e-05 -3.76002e-06 4.81033e-05 -0.000222781 0.000434356 0.000284791 0.000145313 0.000397665 0.000136537 
-7.7671e-06 2.20439e-05 167.012 -12.9172 186.184 9.77807e-06 -8.55444e-05 8.11675e-05 5.19829e-05 -2.25083e-06 4.62378e-05 -7.64291e-06 5.91267e-05 6.24188e-05 -6.65621e-05 3.25714e-07 -1.46758e-05 3.47796e-05 1.00765e-05 8.06937e-06 6.61713e-05 2.57817e-05 2.62094e-06 4.89268e-05 -4.75033e-05 -0.000160983 -9.34651e-07 6.82412e-05 2.84913e-05 7.00572e-06 -3.98216e-05 6.22853e-05 -3.45356e-06 9.13649e-06 -5.99365e-05 4.41766e-05 2.03088e-05 5.1913e-05 -1.92375e-05 -4.24839e-05 6.12296e-05 2.07056e-05 -3.50793e-05 -4.02511e-05 -3.47567e-05 7.81311e-06 -4.13689e-05 1.12094e-05 -5.89503e-05 -1.68947e-05 
-1.7268e-06 -4.9581e-06 -0.000161305 186.184 -26.8823 182.229 5.81145e-07 0.000129431 -4.79519e-05 0.000155777 1.11461e-05 -1.62423e-05 -5.08111e-05 6.99162e-05 9.36426e-05 -5.19156e-05 -4.19021e-05 -4.20213e-05 4.36604e-05 8.67546e-05 6.03162e-05 -7.19875e-05 -2.24113e-05 6.27525e-06 -5.19753e-05 9.05916e-05 4.01884e-05 -3.87952e-05 -6.91414e-05 6.11693e-05 6.64629e-05 1.3575e-05 4.22597e-05 -5.01722e-05 8.84756e-06 -5.72875e-05 5.57303e-06 -7.30976e-05 0.000139922 -5.57154e-05 -6.90371e-05 -9.46224e-05 7.20471e-05 4.02331e-05 -9.38773e-07 -8.38861e-05 0.000138968 8.04812e-05 -5.82188e-05 0.000138283 
4.97796e-07 -2.91559e-06 -0.000276778 2.87762e-06 182.229 40.7621 -37.3595 -5.5654 34.9703 23.4343 27.9607 25.1587 1.95529 -7.50169 21.6876 8.24915 11.4365 -27.6683 30.4512 -87.3085 26.9205 -8.61122 26.2248 10.621 1.5701 45.1383 -45.1716 4.15899 -4.25982 -27.8977 31.9435 29.242 23.6914 -27.4423 -11.6623 39.5189 -59.4414 -40.9894 -0.693481 32.3015 -18.1665 -10.9599 -46.2338 -11.4461 -18.1094 -5.92611 -9.98708 -3.55921 -26.0952 18.2591 
-2.12491e-07 1.07836e-05 -0.000220199 -8.20704e-07 6.4075e-07 -37.3597 10.8107 45.4279 29.232 56.1426 66.283 -0.112484 2.12141 -35.9929 8.1211 35.5504 6.03849 -30.4532 -9.85258 42.1285 -10.781 29.1641 25.1662 42.7698 -5.19509 -42.8246 -27.2649 -16.7777 -11.9847 34.6629 -36.4558 38.2556 -42.7249 -5.5269 21.9383 -8.2266 -24.0299 -28.7502 -34.1224 9.07989 36.0419 -38.2196 -35.4915 -7.61403 23.4541 -33.9924 -6.78503 -27.95 71.4584 -41.2828 
-8.35497e-06 9.2384e-06 0.000283094 -7.46493e-06 1.22935e-06 -5.56535 45.4279 -12.322 19.6106 -9.49619 0.902018 25.8043 -30.6555 -15.3838 -24.9162 -21.0059 25.5905 3.91209 -1.81807 -38.7998 -4.67002 -4.02317 18.6066 37.138 -11.9651 0.176173 30.4289 -17.18 19.9342 -18.4961 -40.8897 -11.3438 -60.3078 67.9613 9.00911 -31.5287 65.6245 -33.7518 22.703 26.903 -60.0557 15.4926 -36.1507 47.2598 -23.8649 37.6356 -16.6503 14.2962 40.476 -15.5701 
-1.03159e-05 -3.17598e-06 -6.98499e-06 3.0648e-07 1.87755e-06 34.9704 29.2321 19.6106 24.3273 11.7935 36.2318 -0.809992 13.6461 3.67091 5.6908 0.93159 12.7385 22.8316 38.5419 -45.6738 -26.1251 -0.358261 -43.4189 -34.9772 22.181 -23.9137 -7.04222 -22.0169 1.11607 -30.6677 -45.0085 -62.2379 37.9354 -32.0994 13.6306 3.52308 4.90823 38.4104 31.6259 -50.1762 4.24246 32.7839 -10.6566 -45.1058 13.1871 13.9708 -14.7296 -16.2186 -3.63542 -0.436277 
3.01472e-06 2.76992e-06 0.000454228 2.15829e-07 6.19888e-06 23.4345 56.1425 -9.49616 11.7935 -1.2504 -21.7507 -12.0735 2.0517 3.30721 -33.1196 -28.1283 4.4965 39.7876 4.1193 9.07692 41.6025 -54.119 10.1515 20.7588 -8.1345 -2.52011 51.2375 38.454 6.56695 54.7594 29.0279 33.5749 28.3061 20.5121 -15.9948 -17.2074 4.63285 -22.0443 20.1126 -14.9609 -13.6308 -70.4203 -3.93556 -4.02283 27.5436 16.8791 -19.3586 17.8791 46.1109 52.4247 
2.46608e-06 -4.54064e-06 0.000222015 1.77115e-06 6.10948e-07 27.9606 66.283 0.902004 36.2318 -21.7507 3.57007 -29.1908 -40.6716 -14.0035 -41.6074 -44.2406 12.8092 -5.94109 -30.5402 2.08875 -8.37685 -4.19962 14.9049 -13.4388 58.0236 -58.4213 -8.22342 -58.1763 -6.19254 13.0918 1.06705 44.4708 -32.9206 -7.83593 -0.0346686 30.8959 -15.33 -20.5454 14.4265 8.61 49.0581 14.8218 41.8179 41.7582 77.4696 -18.1669 10.425 -35.8698 27.8038 39.941 
-2.78086e-06 8.2544e-06 -9.6283e-05 -1.61846e-06 -7.00355e-07 25.1588 -0.112513 25.8043 -0.809961 -12.0734 -29.1908 -37.5643 -18.3375 -4.28543 -36.1058 -13.4036 -4.70861 -26.8782 -31.2982 -28.406 -32.5336 -11.7253 21.8502 -33.368 3.93755 -51.4543 51.3223 10.4161 21.2887 4.52921 19.8404 -42.5617 -34.6977 -2.03215 -44.9049 -2.48321 -49.779 3.78237 -13.5775 13.9677 -50.0544 -38.1902 -25.5095 38.6671 -35.342 -7.95479 39.4126 -38.3218 -5.83952 18.5076 
-1.34489e-05 -8.62139e-06 0.000168581 -7.8158e-07 2.57045e-07 1.9553 2.12134 -30.6554 13.6461 2.05165 -40.6716 -18.3375 -10.8731 16.4902 -12.3584 43.8364 -28.9895 34.7519 7.81014 -35.5487 -22.9691 5.33762 -38.3216 13.232 -43.8735 21.1024 -35.0659 -4.63306 -40.6096 20.108 36.3567 21.4069 3.56133 -9.30661 -17.0368 -42.5685 39.311 25.9099 -4.53845 4.58332 13.1512 0.810931 18.4491 -26.6662 -53.8788 43.0686 3.51305 -0.130642 -24.6829 15.8894 
-3.27533e-06 -3.33318e-06 5.58641e-05 -1.63163e-06 3.57628e-06 -7.50175 -35.993 -15.3838 3.67098 3.30719 -14.0035 -4.28536 16.4902 -33.4205 -37.6877 6.56968 13.1312 17.9641 -15.5921 20.4639 -13.9255 31.3123 48.4951 -39.7077 30.7126 -14.6276 -21.9455 6.44943 -15.7622 -31.3424 7.48469 -22.3392 -10.578 -31.9363 48.5437 16.8287 1.93787 -3.57071 41.9618 45.4317 18.9073 7.41319 56.4245 -30.2377 1.06742 14.7479 23.8091 -34.2088 52.4134 18.6077 
-1.3103e-05 -1.15704e-07 -0.000161887 6.48335e-08 8.56817e-07 21.6877 8.12113 -24.9161 5.69083 -33.1197 -41.6074 -36.1058 -12.3584 -37.6877 -5.69914 7.13461 1.72369 18.156 16.802 37.2858 46.1736 -6.44514 -21.8829 -11.1902 -4.32007 18.1947 54.957 -4.76711 0.181899 -6.42046 -30.9146 5.07416 2.38879 -6.00354 -18.127 41.8394 -25.0584 15.9982 -11.3757 -33.5466 -38.1065 -36.2231 -4.60116 51.0089 -50.5234 -18.0628 39.2822 -27.4093 -13.0915 6.8236 
-5.15115e-07 2.8008e-07 -0.000185467 1.95226e-06 -2.11596e-06 8.24908 35.5504 -21.0059 0.931597 -28.1283 -44.2406 -13.4037 43.8363 6.5697 7.13458 16.4062 -30.9852 23.0939 46.4014 0.226076 16.7598 -48.7585 23.6735 29.665 1.58677 -2.25601 -11.6221 -1.9533 45.4056 -65.5986 -10.8468 0.960414 -4.81774 -14.6387 -20.0379 -28.1141 27.5798 -20.6912 -41.371 -37.7432 -60.5099 -24.9212 12.0455 8.37899 -1.0312 -53.2257 31.0129 26.053 14.9799 -29.6696 
-5.22019e-06 -3.82403e-06 -0.000125683 -2.1975e-06 -3.01003e-06 11.4365 6.03854 25.5905 12.7386 4.49648 12.8092 -4.70864 -28.9893 13.1312 1.72371 -30.9852 -45.9801 11.6603 -34.9916 5.81751 -7.00131 -65.864 13.3237 25.9432 -42.5193 21.689 14.2103 -16.1036 -22.5292 12.1801 -37.5116 -57.3982 31.6299 3.69492 8.30221 1.16743 15.4555 -49.7556 -38.4629 -51.7049 23.6509 -87.1557 -20.4648 -31.615 -46.9756 49.5965 -5.75762 -2.67402 20.3874 -37.5043 
7.65936e-07 -2.65094e-05 5.48067e-05 5.79911e-06 -5.96046e-08 -27.6683 -30.453 3.91211 22.8316 39.7875 -5.94106 -26.8782 34.7518 17.964 18.156 23.0938 11.6603 -24.3474 7.68871 -39.0197 -19.4392 -43.1809 -25.3625 17.8128 -18.4874 23.174 1.28746 -22.4731 -47.7303 43.1937 12.6388 -16.8515 29.9148 34.4987 21.1552 -52.7035 -4.57123 -47.7085 15.6655 16.4872 -40.1586 15.35 -37.0994 61.058 0.446438 -3.82227 -38.8879 2.70486 -19.9576 0.51437 
1.12106e-06 -7.54542e-06 0.00038283 1.42471e-07 -6.55651e-07 30.4512 -9.85259 -1.8181 38.5419 4.11933 -30.5401 -31.2982 7.81016 -15.5921 16.8021 46.4014 -34.9915 7.68868 5.9557 13.678 27.5229 -25.4789 18.8827 -21.1468 -36.684 -4.0686 -37.7518 -87.7126 6.43631 -6.59178 20.6005 8.6893 -43.5698 10.5316 42.9409 -6.95959 -35.6581 -30.3535 3.09114 -11.4375 11.0552 -22.1621 -25.4091 -14.965 -3.69207 22.8047 13.9903 5.8369 -43.6882 6.93515 
1.24792e-07 -7.0808e-06 2.14081e-05 1.12094e-07 -4.39584e-07 -87.3086 42.1284 -38.7998 -45.6737 9.07695 2.08874 -28.406 -35.5487 20.4639 37.2858 0.226157 5.81751 -39.0198 13.678 -24.2736 6.41436 -23.7518 1.91944 -4.64863 -43.9902 -71.8145 -14.9339 4.66869 32.246 36.2038 -33.2032 7.76671 -26.7354 18.1863 -4.43837 27.8103 -13.5426 -2.73058 -37.1977 -19.9573 10.8966 -34.5222 5.42755 16.918 -10.288 -5.16473 -17.8523 -24.8173 0.149154 18.6041 
1.66401e-06 -3.05108e-06 0.000196151 -6.33257e-07 4.24683e-07 26.9205 -10.781 -4.67011 -26.1251 41.6026 -8.37685 -32.5335 -22.9691 -13.9254 46.1737 16.7598 -7.00134 -19.4391 27.5229 6.41439 48.1396 -41.541 -32.7469 -31.9492 -12.2833 -10.6095 -34.4741 18.6419 2.82626 -8.76222 59.2295 -16.0554 50.5509 -32.1846 0.665295 52.1101 42.3927 41.0501 88.0728 -49.6813 27.4402 -12.119 55.3122 8.2546 -35.167 -14.7489 -11.3643 -19.0496 -26.3964 0.633646 
-3.77184e-07 2.68042e-08 -0.000298326 7.82709e-07 2.5481e-06 -8.61126 29.164 -4.02308 -0.358216 -54.1189 -4.1996 -11.7253 5.33766 31.3122 -6.44519 -48.7586 -65.8641 -43.181 -25.4789 -23.7518 -41.541 -66.0312 20.0148 -36.9609 11.325 -6.4818 -23.0837 -25.0088 12.4324 -20.7246 13.5801 4.93748 -25.8033 13.2887 -26.7455 -40.2634 -12.62 3.60404 26.0332 13.2736 29.6909 41.2666 6.97199 12.413 -29.8259 -65.2248 -13.6426 40.5878 45.9668 2.3139 
3.15715e-06 3.69968e-06 -0.00041546 1.13153e-06 8.34465e-07 26.2247 25.1662 18.6065 -43.4188 10.1514 14.9049 21.8503 -38.3216 48.4952 -21.883 23.6735 13.3237 -25.3624 18.8827 1.91939 -32.7469 20.0148 -53.7306 -33.8653 46.9127 2.82085 28.4543 20.4237 -55.1868 17.8073 -4.41895 -41.1611 -13.1647 7.97623 15.3898 50.904 13.3116 -50.4028 -8.62021 -23.2708 -53.1074 20.7047 -64.4741 43.0247 38.0739 -13.4884 32.398 45.9777 22.825 -6.52013 
-2.35284e-06 -7.05609e-06 -0.000119343 -1.73708e-06 -2.47732e-07 10.621 42.7699 37.1381 -34.9771 20.7589 -13.4387 -33.368 13.2319 -39.7077 -11.1901 29.665 25.9431 17.8129 -21.1467 -4.64856 -31.9493 -36.9609 -33.8652 43.3549 -34.1416 19.6581 -13.256 51.2104 -29.6524 21.5096 3.79794 -0.0831917 22.5096 -32.7508 37.6635 42.0415 54.9699 -14.3703 41.5052 35.1394 -33.7109 23.0116 -34.0096 -19.848 54.459 -31.8725 -23.6849 -12.7668 -35.9663 45.2566 
7.41187e-07 1.81299e-05 0.000292759 7.15365e-07 1.63913e-06 1.57009 -5.19517 -11.9652 22.1811 -8.13445 58.0234 3.93741 -43.8736 30.7128 -4.32023 1.58684 -42.5192 -18.4874 -36.684 -43.9901 -12.2833 11.3251 46.9127 -34.1415 -40.289 21.662 -11.6191 -23.4471 20.4478 13.7471 25.1925 21.4555 -29.1117 -2.9907 52.3665 -12.5551 -34.7665 -0.662518 16.0647 12.3558 -12.5182 -47.7834 45.2342 -0.542465 43.602 34.8101 18.6724 -42.8816 26.1995 13.498 
-1.64894e-06 4.39164e-06 -0.000219448 -2.72204e-06 -1.99676e-06 45.1383 -42.8247 0.176129 -23.9138 -2.52011 -58.4213 -51.4543 21.1025 -14.6275 18.1947 -2.25602 21.6889 23.1739 -4.06853 -71.8146 -10.6095 -6.48181 2.82086 19.6581 21.6621 -48.3777 -22.2144 -56.9321 -53.3742 -33.8166 38.4922 17.4889 -47.4377 0.362652 14.4451 13.805 27.1132 15.4426 -24.1256 -43.6707 15.4907 -11.1529 18.2746 -23.156 -19.2798 -30.2585 -64.0546 -18.9506 -39.8482 -9.62363 
-2.90206e-06 9.62488e-07 -4.18386e-05 1.83766e-06 -8.19564e-07 -45.1716 -27.2648 30.4289 -7.04218 51.2374 -8.22338 51.3223 -35.0658 -21.9454 54.9569 -11.6221 14.2104 1.28747 -37.7518 -14.9339 -34.4741 -23.0837 28.4544 -13.256 -11.6191 -22.2145 37.7053 35.8056 39.5072 9.4865 -57.937 9.55765 -43.8145 0.227023 -18.7705 -30.0783 63.2229 14.1183 13.034 22.838 7.33086 32.6571 -16.5222 -34.313 -1.52024 28.0821 19.4871 -48.6562 -50.573 36.1577 
-2.22456e-06 -3.41978e-05 -0.000494303 -5.87404e-07 -1.14739e-06 4.15902 -16.7777 -17.18 -22.0169 38.4541 -58.1763 10.416 -4.63301 6.44945 -4.7671 -1.95327 -16.1037 -22.4731 -87.7126 4.66866 18.6419 -25.0089 20.4237 51.2104 -23.447 -56.9321 35.8056 2.14504 14.8394 -7.24192 -11.6024 0.911989 -19.5054 -13.8263 11.1676 0.664837 -6.05084 -7.28092 33.1503 27.5469 4.08025 -42.4424 0.598986 12.9028 -9.2216 -10.1838 13.9783 -36.387 11.2981 -14.222 
3.06411e-06 3.07789e-06 -8.8846e-05 5.30816e-07 7.89762e-07 -4.25978 -11.9847 19.9343 1.11605 6.56689 -6.19255 21.2887 -40.6096 -15.7622 0.181926 45.4057 -22.5292 -47.7302 6.43633 32.2461 2.82628 12.4325 -55.1868 -29.6525 20.4477 -53.3741 39.5072 14.8394 -49.27 -59.8644 14.0775 1.2689 43.7658 -0.757824 56.5223 4.43862 5.62076 -29.438 -10.2284 -23.7807 3.0052 15.8898 32.6269 8.6167 23.6144 7.09069 8.0918 19.1646 24.8749 -35.4838 
-1.91648e-06 -6.00569e-06 -5.41568e-05 -4.03719e-07 -9.08971e-07 -27.8978 34.6629 -18.4961 -30.6676 54.7595 13.0918 4.52926 20.108 -31.3424 -6.42045 -65.5985 12.1801 43.1938 -6.5918 36.2038 -8.76228 -20.7246 17.8073 21.5096 13.747 -33.8166 9.48649 -7.24188 -59.8644 4.07748 -20.138 5.359 23.6182 1.5463 -32.1056 -46.55 -23.9237 -14.7651 -11.6463 34.7527 28.4925 -6.27316 5.04525 -17.0567 29.7521 31.9953 -49.5567 -27.971 -18.1671 29.2953 
8.18562e-07 -7.11367e-06 0.000304882 2.10989e-06 -4.24683e-07 31.9436 -36.4559 -40.8896 -45.0087 29.0279 1.067 19.8404 36.3567 7.48466 -30.9147 -10.8467 -37.5116 12.6388 20.6004 -33.2032 59.2295 13.5801 -4.41897 3.79799 25.1925 38.4923 -57.937 -11.6024 14.0775 -20.138 -14.9579 44.524 4.30968 -21.6779 14.0178 5.46692 -37.6369 -0.419242 -35.7333 -31.114 51.3594 0.275865 -15.757 6.30824 -3.011 -12.9807 -35.4358 25.8168 20.6089 36.3062 
6.53673e-07 8.30442e-06 -0.000414237 1.87998e-06 -3.54648e-06 29.2421 38.2557 -11.3438 -62.2378 33.5752 44.4707 -42.5617 21.4068 -22.3392 5.07414 0.960389 -57.398 -16.8514 8.68934 7.76675 -16.0554 4.93744 -41.1611 -0.0832449 21.4557 17.489 9.55773 0.911995 1.26887 5.35906 44.524 -16.318 2.76805 -19.7876 16.6831 6.96041 21.7371 16.2633 3.15068 -16.4824 -10.1055 60.5677 -28.4135 -7.36607 4.29072 -16.893 -3.08229 -1.03324 -9.7727 -42.207 
3.0446e-06 -2.12558e-05 9.10386e-05 2.664e-06 -6.16908e-06 23.6914 -42.7248 -60.3077 37.9354 28.3061 -32.9206 -34.6978 3.56135 -10.578 2.3888 -4.81768 31.63 29.9149 -43.5698 -26.7354 50.551 -25.8033 -13.1648 22.5096 -29.1117 -47.4378 -43.8146 -19.5054 43.7658 23.6181 4.30964 2.76801 -26.7877 9.44577 20.4259 23.5083 25.2844 -34.2409 -25.8861 27.8258 13.5175 15.4791 -49.0964 -19.8384 -46.8039 -27.8204 10.128 1.06877 -44.0734 -32.7522 
-6.15289e-06 -1.78192e-06 1.98495e-05 -4.12099e-06 2.66731e-06 -27.4423 -5.52695 67.9612 -32.0994 20.5121 -7.83594 -2.03214 -9.30655 -31.9364 -6.00351 -14.6387 3.69489 34.4988 10.5316 18.1863 -32.1847 13.2887 7.9762 -32.7508 -2.99071 0.362695 0.22703 -13.8263 -0.757838 1.54631 -21.678 -19.7876 9.44578 15.8979 -28.233 11.9907 7.61471 21.3219 -17.0048 -11.3899 5.85243 12.8453 -26.997 -1.18152 -4.21732 -26.4806 -0.844068 25.8466 25.8997 18.7213 
-2.67374e-06 8.54959e-07 0.00024153 2.8637e-06 2.12342e-07 -11.6623 21.9384 9.00907 13.6305 -15.9949 -0.0346548 -44.9049 -17.0368 48.5435 -18.1269 -20.038 8.30222 21.1551 42.9409 -4.43839 0.665287 -26.7455 15.3898 37.6635 52.3665 14.4451 -18.7705 11.1676 56.5223 -32.1055 14.0179 16.6831 20.426 -28.233 -14.8121 15.5531 -18.9577 36.8399 -24.3606 -48.7887 17.4776 -36.8194 -42.034 26.7466 -27.3945 -8.73219 -16.793 38.0334 30.8487 54.4588 
6.76303e-06 -2.00403e-06 -0.000268444 -4.25996e-07 8.60542e-07 39.5189 -8.22663 -31.5288 3.52305 -17.2074 30.8959 -2.48318 -42.5684 16.8287 41.8395 -28.1141 1.1674 -52.7035 -6.95957 27.8103 52.11 -40.2634 50.9039 42.0417 -12.5551 13.8049 -30.0784 0.664843 4.43864 -46.55 5.46692 6.96045 23.5083 11.9908 15.5531 7.06002 33.9304 -21.9222 20.968 -21.3566 -6.82143 33.5375 46.4546 -33.9856 -30.6247 -19.882 -39.9409 30.139 47.2852 20.6495 
2.08127e-06 -7.15205e-06 0.000135336 3.3615e-06 3.20375e-07 -59.4414 -24.0298 65.6246 4.90823 4.63289 -15.3299 -49.779 39.311 1.93787 -25.0584 27.5799 15.4555 -4.57124 -35.6581 -13.5427 42.3928 -12.6199 13.3116 54.9699 -34.7664 27.1131 63.2229 -6.05084 5.6208 -23.9236 -37.6369 21.737 25.2845 7.61474 -18.9577 33.9305 55.047 -6.64182 -34.0214 7.32893 -8.24836 19.5412 69.2741 42.7132 51.5431 -16.4898 -8.84084 28.7962 7.1696 -37.3673 
2.24998e-06 -5.99199e-07 9.90229e-05 -2.44809e-06 8.56817e-07 -40.9893 -28.7501 -33.7519 38.4105 -22.0445 -20.5455 3.78238 25.91 -3.57071 15.9982 -20.6912 -49.7557 -47.7084 -30.3534 -2.73059 41.05 3.604 -50.4028 -14.3703 -0.662526 15.4426 14.1184 -7.2809 -29.438 -14.7652 -0.419246 16.2632 -34.241 21.3219 36.8399 -21.9222 -6.64184 -43.9274 27.2552 -38.198 15.4789 8.77414 -4.46408 -25.8482 -33.732 6.77522 -14.2647 39.266 -18.7007 -41.7772 
-6.25333e-07 1.19454e-05 -0.000104537 -4.72445e-06 -5.06639e-07 -0.693579 -34.1223 22.7033 31.6259 20.1127 14.4265 -13.5774 -4.53851 41.9618 -11.3757 -41.371 -38.4629 15.6656 3.09109 -37.1976 88.0726 26.0333 -8.62031 41.5055 16.0647 -24.1256 13.0341 33.1502 -10.2284 -11.6464 -35.7334 3.15074 -25.8861 -17.0048 -24.3606 20.9679 -34.0213 27.2552 -72.0779 -41.0102 17.9501 -39.7648 21.8825 -0.170653 19.3074 -39.1187 -29.3071 -20.7565 -14.9074 38.4884 
-1.22564e-06 -1.4712e-05 -8.49556e-05 2.71012e-06 1.54972e-06 32.3014 9.07989 26.9032 -50.1762 -14.9609 8.60994 13.9678 4.58339 45.4317 -33.5465 -37.7434 -51.7048 16.4873 -11.4375 -19.9572 -49.6812 13.2736 -23.2709 35.1394 12.3558 -43.6707 22.8379 27.547 -23.7807 34.7526 -31.114 -16.4824 27.8258 -11.3899 -48.7886 -21.3565 7.3289 -38.198 -41.0102 14.4656 63.2105 60.5317 -21.6089 48.2078 28.1358 -2.69885 16.544 -36.7915 15.0988 -56.558 
-4.46216e-06 -2.33936e-05 -0.000274776 5.65772e-06 -2.35438e-06 -18.1664 36.042 -60.0558 4.24236 -13.6309 49.0582 -50.0546 13.1512 18.9072 -38.1062 -60.51 23.6508 -40.1587 11.0552 10.8966 27.4403 29.6908 -53.1074 -33.7109 -12.5182 15.4907 7.33091 4.08027 3.00518 28.4925 51.3593 -10.1055 13.5175 5.85242 17.4776 -6.82142 -8.24842 15.4789 17.9502 63.2104 19.36 -12.7691 -29.4304 26.7055 36.5252 0.979994 8.80516 -1.88939 38.5996 -10.4765 
1.13719e-05 -1.65232e-06 -1.31616e-05 -3.5156e-06 5.06639e-07 -10.9599 -38.2194 15.4925 32.784 -70.4202 14.8219 -38.1902 0.810944 7.41312 -36.2231 -24.9213 -87.1555 15.3499 -22.162 -34.5223 -12.1189 41.2667 20.7047 23.0117 -47.7835 -11.1529 32.6572 -42.4425 15.8899 -6.27309 0.275853 60.5678 15.4791 12.8453 -36.8194 33.5375 19.5412 8.77414 -39.7649 60.5318 -12.7689 -16.2344 13.3227 -0.417279 -2.20295 -14.7689 -50.2772 -36.686 -50.0164 5.36465 
-2.24261e-07 -1.6845e-05 4.22041e-05 -9.05852e-08 2.98023e-07 -46.2337 -35.4915 -36.1506 -10.6566 -3.93552 41.8178 -25.5095 18.4492 56.4245 -4.60116 12.0455 -20.4648 -37.0994 -25.409 5.42753 55.3121 6.9719 -64.4742 -34.0097 45.2341 18.2747 -16.5221 0.59893 32.627 5.04523 -15.7569 -28.4135 -49.0963 -26.997 -42.0339 46.4546 69.2741 -4.46408 21.8824 -21.6089 -29.4304 13.3227 26.7152 -22.9943 6.51525 -17.4374 25.9637 -40.0349 18.1319 29.3435 
-4.80422e-07 -6.13098e-06 6.18738e-05 -3.27198e-06 -3.69549e-06 -11.4461 -7.61401 47.2597 -45.1056 -4.02277 41.7584 38.6671 -26.6662 -30.2378 51.0086 8.37911 -31.615 61.0579 -14.965 16.918 8.25457 12.413 43.0246 -19.848 -0.542423 -23.156 -34.313 12.9028 8.61672 -17.0567 6.30828 -7.36607 -19.8383 -1.18153 26.7467 -33.9856 42.7133 -25.8482 -0.170742 48.2078 26.7056 -0.417275 -22.9943 16.2282 1.6744 -14.2841 3.36967 -21.701 -29.2518 -6.77716 
-2.25825e-06 4.18613e-06 -0.0001467 -1.17889e-06 4.99189e-06 -18.1094 23.4542 -23.8648 13.1871 27.5435 77.4697 -35.3422 -53.8788 1.0674 -50.5235 -1.03131 -46.9754 0.446579 -3.69206 -10.288 -35.167 -29.8261 38.0739 54.4592 43.6019 -19.2798 -1.52027 -9.22161 23.6143 29.7521 -3.01098 4.29075 -46.804 -4.21727 -27.3946 -30.6246 51.5431 -33.732 19.3073 28.1358 36.5253 -2.20292 6.51523 1.67442 8.45387 29.0625 -43.7256 23.3663 -1.65139 22.763 
-1.67768e-06 -1.68395e-05 0.000527156 -8.58612e-07 1.76951e-08 -5.92599 -33.9923 37.6354 13.9708 16.879 -18.1668 -7.95478 43.0686 14.7479 -18.0628 -53.2257 49.5965 -3.82235 22.8046 -5.16474 -14.7491 -65.2245 -13.4883 -31.8725 34.8101 -30.2585 28.082 -10.1837 7.09068 31.9952 -12.9807 -16.8929 -27.8205 -26.4806 -8.73218 -19.882 -16.4897 6.77516 -39.1187 -2.69882 0.980008 -14.7688 -17.4375 -14.284 29.0626 14.3664 -22.2102 -23.1047 33.1216 15.6294 
-1.01056e-05 3.00319e-05 7.71687e-05 4.0733e-06 -5.87106e-06 -9.98706 -6.78496 -16.6503 -14.7293 -19.3584 10.4251 39.4125 3.51309 23.8091 39.2822 31.0129 -5.75756 -38.8881 13.9904 -17.8523 -11.3642 -13.6425 32.398 -23.685 18.6724 -64.0544 19.4871 13.9783 8.09176 -49.5567 -35.4359 -3.08224 10.128 -0.844081 -16.793 -39.9409 -8.84076 -14.2647 -29.3071 16.5441 8.80514 -50.2771 25.9637 3.36975 -43.7255 -22.2102 -42.9816 -15.8689 -26.2879 57.2481 
-1.35556e-07 -9.19568e-06 0.000225511 1.11448e-06 -4.54485e-07 -3.55923 -27.95 14.2962 -16.2186 17.8791 -35.8695 -38.3218 -0.130664 -34.2088 -27.4092 26.0529 -2.67407 2.70485 5.83689 -24.8172 -19.0496 40.5879 45.9777 -12.7669 -42.8815 -18.9506 -48.6562 -36.387 19.1646 -27.9711 25.8169 -1.03331 1.06885 25.8466 38.0333 30.139 28.7962 39.266 -20.7565 -36.7914 -1.88939 -36.6858 -40.0349 -21.701 23.3663 -23.1047 -15.869 -18.1918 -10.791 1.56474 
3.37992e-07 3.17201e-05 0.000313795 -2.44278e-07 -2.25008e-06 -26.0951 71.4585 40.4757 -3.63533 46.1109 27.804 -5.83951 -24.6829 52.4136 -13.0915 14.9799 20.3874 -19.9575 -43.6884 0.149177 -26.3964 45.9667 22.8249 -35.9664 26.1995 -39.8481 -50.5731 11.2981 24.8748 -18.1671 20.6088 -9.77273 -44.0734 25.8996 30.8488 47.2851 7.16968 -18.7007 -14.9074 15.0988 38.5995 -50.0164 18.1318 -29.2518 -1.6514 33.1217 -26.2879 -10.791 -18.4213 -33.5355 
4.90275e-07 -1.50529e-06 0.000108376 -6.34402e-07 2.86102e-06 18.2591 -41.2826 -15.57 -0.436266 52.4247 39.941 18.5075 15.8893 18.6076 6.8236 -29.6695 -37.5042 0.514329 6.93514 18.6041 0.633606 2.31395 -6.52009 45.2566 13.498 -9.62357 36.1577 -14.222 -35.4838 29.2954 36.3062 -42.2069 -32.7522 18.7213 54.4587 20.6494 -37.3674 -41.7772 38.4885 -56.5581 -10.4765 5.36468 29.3435 -6.77714 22.763 15.6293 57.248 1.56472 -33.5354 -7.13224 
