83 397.218 1.86018e-08 -7.7671e-06 -1.7268e-06 4.97796e-07 3.38268e-07 -8.34156e-06 -1.04002e-05 2.95821e-06 2.39867e-06 -2.84152e-06 -1.34536e-05 -3.25724e-06 -1.31553e-05 -5.35004e-07 -5.24777e-06 8.32647e-07 1.04764e-06 3.35304e-07 1.5991e-06 -3.56421e-07 3.09392e-06 -2.37845e-06 7.37401e-07 -1.75777e-06 -2.79315e-06 -2.23458e-06 3.07438e-06 -1.84921e-06 7.41542e-07 5.83166e-07 2.98748e-06 -6.08672e-06 -2.64563e-06 6.66775e-06 2.22459e-06 2.34881e-06 -6.2366e-07 -1.30352e-06 -4.41836e-06 1.13983e-05 -1.12786e-07 -4.52824e-07 -2.21459e-06 -1.66339e-06 -1.00815e-05 -1.26974e-07 4.00911e-07 4.4625e-07 
397.218 1917.54 1069.69 0.000348791 -0.000157406 0.000506774 0.000109164 7.76669e-06 0.000180636 0.00070016 0.000148609 -0.00012214 -0.000109842 4.2318e-05 -0.000140529 0.00028965 4.13781e-05 -6.60342e-05 -0.000154704 -2.5899e-05 -2.74618e-05 -7.3886e-05 8.47421e-05 -0.000273361 0.000215543 3.97141e-05 -1.80615e-05 0.000354906 -3.04627e-05 0.000216097 -7.10184e-06 -0.000675433 0.000459924 0.000285577 7.38654e-05 -0.000154882 0.00010998 0.000160659 -5.91375e-06 -0.00016145 0.000344268 0.000305514 -0.000229951 8.4091e-05 -0.000343207 -3.50637e-05 0.000333988 -2.46175e-05 -5.5369e-05 0.000497151 
1.86018e-08 1069.69 536.677 167.012 -0.00015178 -0.000285773 -5.79214e-05 0.000197922 -2.60638e-05 0.000458663 0.00019773 -6.63674e-05 0.00016312 5.85026e-05 -8.61401e-05 -0.00027667 -0.000164994 8.533e-05 0.000267945 1.94091e-05 0.000322814 -0.00022462 -0.00045148 -0.000105291 0.000357599 -0.000116934 -5.46456e-05 -0.000522024 -8.75353e-05 -5.8685e-05 0.000371349 -0.00023877 -5.15445e-06 4.60405e-06 0.000245435 -0.000281813 0.000201266 8.67546e-05 -0.000179196 -3.30493e-05 -0.000221462 4.535e-05 1.18165e-05 5.19596e-05 -0.00021668 0.000436353 0.000288156 0.000146513 0.000406457 0.000130386 
-7.7671e-06 2.20439e-05 167.012 -12.9172 186.184 9.77807e-06 -1.04601e-05 8.29969e-05 4.04879e-05 -9.95388e-06 3.7047e-05 -1.59128e-05 5.8484e-05 6.48846e-05 -7.3691e-05 -2.38581e-06 -1.84351e-05 4.38744e-05 6.69507e-08 3.67683e-05 5.73224e-05 2.86122e-05 -5.9993e-06 4.54356e-05 -4.80194e-05 -0.000175821 1.39135e-05 6.68741e-05 2.98915e-05 1.61759e-05 -5.03217e-05 5.26733e-05 -1.12411e-05 1.81569e-05 -5.6103e-05 3.11865e-05 3.98476e-05 6.53864e-05 -1.90096e-05 -5.31015e-05 6.72011e-05 2.43082e-05 -1.9882e-05 -3.64887e-05 -2.88041e-05 9.76102e-06 -3.8086e-05 1.23793e-05 -5.03726e-05 -2.28966e-05 
-1.7268e-06 -4.9581e-06 -0.000161305 186.184 -26.8823 182.229 1.8717e-05 0.000129873 -5.07284e-05 0.000153916 8.92612e-06 -1.82398e-05 -5.09663e-05 7.05119e-05 9.19207e-05 -5.25706e-05 -4.28101e-05 -3.98245e-05 4.12427e-05 9.36865e-05 5.81788e-05 -7.13038e-05 -2.44935e-05 5.43199e-06 -5.20999e-05 8.70078e-05 4.37749e-05 -3.91254e-05 -6.88032e-05 6.33842e-05 6.39267e-05 1.12533e-05 4.03787e-05 -4.79934e-05 9.7735e-06 -6.04251e-05 1.02924e-05 -6.98433e-05 0.000139977 -5.828e-05 -6.75947e-05 -9.37522e-05 7.57179e-05 4.11419e-05 4.99033e-07 -8.34156e-05 0.000139761 8.07637e-05 -5.6147e-05 0.000136833 
4.97796e-07 -2.91559e-06 -0.000276778 2.87762e-06 182.229 40.7621 191.064 -5.52647e-05 -3.73721e-05 -0.000101507 6.05136e-05 -3.99351e-05 -6.1309e-06 4.06094e-05 -2.88486e-05 7.79331e-05 -4.33624e-06 -1.28895e-05 -4.73857e-06 -3.52859e-05 9.12994e-05 3.13073e-05 7.33137e-05 4.85927e-05 1.16443e-05 6.67274e-05 -8.57711e-05 -2.76305e-05 -4.69312e-05 4.09782e-06 4.19766e-05 -4.78476e-05 4.81308e-06 -4.16636e-05 -5.17368e-05 5.99027e-05 -2.99513e-05 -0.000133812 9.70135e-05 0.000145391 -5.3972e-05 -5.22062e-05 -0.000109971 -5.27874e-05 2.39909e-06 -0.000130892 -3.26335e-05 1.43833e-05 -6.7547e-05 9.53674e-06 
3.38268e-07 2.2668e-06 -0.000126822 -4.35033e-07 -2.45609e-07 191.064 26.988 -24.3932 -8.6607 -27.91 -44.0084 -7.79644 -1.43332 -12.5526 -22.4555 -11.3564 -16.8127 49.1094 28.8527 -3.33008 4.73378 -16.7115 -18.5828 3.78738 29.2846 8.64131 -13.3443 -25.2448 -35.3266 -19.9366 62.2319 -27.1683 36.5616 -28.5902 28.5964 16.9046 -27.1306 10.9555 29.111 -60.7409 -6.59509 22.7703 -11.8645 -4.01381 -15.1135 -12.5873 23.5072 11.6003 -7.97817 -5.62593 
-8.34156e-06 9.0309e-06 0.000285369 -7.45554e-06 1.20775e-06 -1.19582e-06 -24.3933 -15.7338 29.4369 -4.34052 6.80969 33.3507 -30.1411 -17.1186 -18.9945 -19.613 28.5492 -2.65441 8.4854 -66.7452 3.9831 -7.78792 25.6019 39.4531 -10.6424 15.3052 16.8827 -16.1079 18.0561 -28.4019 -28.6661 -3.94902 -51.0934 58.964 5.58645 -18.7686 47.2773 -45.3841 24.0304 35.131 -66.6788 13.6096 -49.7868 43.8291 -30.3712 36.3355 -18.9822 14.1657 30.5191 -9.08865 
-1.04002e-05 -1.87211e-06 -2.12806e-05 2.47436e-07 2.01324e-06 9.62615e-06 -8.66062 29.4369 35.5504 28.2949 57.4521 4.26713 14.4935 -1.08079 13.7345 9.39178 18.0101 6.36114 37.3377 -52.251 -24.3264 5.3299 -32.655 -27.3624 17.1457 -24.7944 -16.177 -20.0759 4.02912 -26.6342 -55.1643 -47.6881 29.4704 -32.8233 10.8031 5.80288 -3.83322 25.9765 21.8377 -34.4788 7.95331 21.7473 -21.4421 -47.4316 16.2837 9.77504 -20.9156 -22.8253 4.47993 -3.06415 
2.95821e-06 3.64367e-06 0.000444648 1.76262e-07 6.28982e-06 4.51505e-06 -27.91 -4.34051 28.2948 15.8256 -0.350272 -2.21037 3.12166 -1.80348 -22.1599 -20.3405 10.966 21.6452 11.1322 -17.7518 49.7211 -52.5186 24.0991 28.5892 -11.1055 8.48139 33.516 40.8228 7.42513 50.298 30.4254 50.8347 28.7176 12.9797 -20.8845 -5.53115 -16.4896 -40.9027 13.3752 3.85333 -15.8093 -80.6306 -23.0361 -8.52079 24.9682 12.5455 -26.0687 12.5377 44.848 55.3527 
2.39867e-06 -3.49812e-06 0.000210585 1.72394e-06 7.19444e-07 9.92417e-06 -44.0084 6.80968 57.452 -0.35025 30.3285 -16.3207 -39.3094 -20.4299 -27.5809 -34.5874 21.0291 -28.7995 -20.839 -33.7457 2.48885 -2.6673 32.6951 -3.63095 54.5475 -43.3179 -31.3462 -55.1677 -5.35518 6.54691 4.13358 66.3448 -31.3921 -18.0251 -6.37956 46.5583 -43.1356 -44.8414 6.3574 32.4728 45.6631 2.1594 17.0032 35.8902 73.6035 -23.5969 1.98151 -42.3987 25.1539 44.2343 
-2.84152e-06 9.19245e-06 -0.000106568 -1.66094e-06 -6.0273e-07 8.44896e-06 -7.79636 33.3507 4.26714 -2.21028 -16.3207 -36.0679 -17.8955 -7.06099 -32.1778 -8.0241 -1.89627 -36.3562 -34.7743 -25.6551 -33.5467 -6.89504 27.3464 -28.8001 0.180486 -55.9565 48.622 11.4562 23.7495 9.82204 9.79618 -34.6004 -42.8182 -0.200986 -45.9395 -4.23009 -50.9734 -1.64994 -20.56 22.4925 -45.8277 -45.1909 -29.3064 37.9748 -31.5621 -10.4655 35.8181 -42.7698 2.23545 15.0521 
-1.34536e-05 -8.54849e-06 0.000167782 -7.84881e-07 2.64632e-07 4.4331e-07 -1.43328 -30.141 14.4934 3.1216 -39.3094 -17.8955 -10.8135 16.1773 -11.7723 44.3614 -28.6229 33.657 7.93423 -36.4653 -22.6993 5.60154 -37.5548 13.7245 -44.1452 21.3369 -35.8607 -4.49838 -40.4734 20.1581 35.9896 22.4042 3.23695 -9.51958 -17.2682 -42.1925 38.4486 24.957 -5.0901 5.66408 13.2445 0.124952 17.5554 -26.8682 -53.8195 42.7967 3.10439 -0.522421 -24.3932 15.8573 
-3.25724e-06 -3.61289e-06 5.89307e-05 -1.61896e-06 3.54717e-06 -2.59653e-06 -12.5527 -17.1186 -1.08071 -1.8035 -20.4298 -7.06093 16.1774 -31.8983 -40.867 4.20189 11.2338 23.3519 -17.375 27.7273 -16.1158 30.6693 44.4282 -42.0532 31.6875 -17.4645 -16.958 5.75424 -16.1016 -30.3376 7.52206 -27.4206 -10.3502 -29.9415 49.9319 13.6906 7.79752 1.84418 44.108 39.8991 19.3289 10.5153 61.8372 -28.9715 1.61703 16.0453 25.8056 -32.5529 52.4217 17.9475 
-1.31553e-05 6.92923e-07 -0.000170753 2.82159e-08 9.40972e-07 6.10948e-06 -22.4555 -18.9945 13.7345 -22.1599 -27.581 -32.1777 -11.7723 -40.867 -0.038766 12.6369 5.34728 7.08434 16.9986 30.5018 48.1231 -3.18428 -14.3951 -6.13865 -7.39413 19.047 47.8925 -3.43443 1.85653 -4.7833 -36.2234 15.0035 -2.12705 -7.30268 -20.2418 44.4776 -32.3211 7.01719 -17.4676 -22.8107 -36.368 -43.4073 -12.7223 49.2118 -49.164 -20.8485 35.1364 -31.6169 -8.86703 5.75953 
-5.35004e-07 5.87647e-07 -0.000188839 1.93834e-06 -2.08396e-06 2.86102e-06 -11.3564 -19.613 9.39176 -20.3406 -34.5874 -8.02414 44.3612 4.2019 12.6369 19.773 -27.8407 14.6097 51.179 -15.8378 21.6588 -48.848 30.5715 33.2266 0.66 5.0391 -21.2852 -0.804108 45.3847 -69.2842 -7.93276 9.25315 -2.87657 -19.371 -22.6434 -21.0075 15.6375 -30.4374 -43.7952 -28.6713 -62.6542 -29.3463 1.81646 5.92781 -3.31085 -55.2005 27.8937 23.9029 12.5567 -27.2545 
-5.24777e-06 -3.39762e-06 -0.000130358 -2.2168e-06 -2.96566e-06 4.5225e-06 -16.8127 28.5492 18.0101 10.966 21.0291 -1.89628 -28.6227 11.2338 5.34731 -27.8407 -43.7325 5.00708 -33.9912 -0.331179 -5.18046 -64.3982 18.0446 28.9198 -44.094 23.4677 9.15459 -15.2784 -21.7716 12.2218 -39.3702 -51.3009 29.9464 2.20165 6.84353 3.72248 9.87504 -55.6987 -41.6958 -45.0922 24.0326 -91.2669 -26.109 -32.8998 -46.7921 47.953 -8.23794 -4.99764 21.8465 -37.5276 
8.32647e-07 -2.7541e-05 6.61172e-05 5.84583e-06 -1.66967e-07 -7.83801e-06 49.1093 -2.65439 6.36121 21.645 -28.7995 -36.3561 33.6569 23.3519 7.08434 14.6097 5.0071 -5.31047 2.03172 -14.8645 -26.7056 -45.8123 -39.5711 9.48272 -14.8444 14.073 18.3198 -24.9116 -49.1104 46.058 13.7403 -34.7106 31.4698 41.0282 25.9237 -63.0852 15.2473 -28.9737 23.5604 -2.94379 -39.1515 26.4609 -18.5304 65.3826 1.9272 0.783705 -31.8258 8.70467 -20.7141 -1.36983 
1.04764e-06 -6.41005e-06 0.000370382 9.10575e-08 -5.3749e-07 7.98702e-06 28.8527 8.48535 37.3376 11.1323 -20.8389 -34.7744 7.93426 -17.375 16.9986 51.179 -33.9911 2.03163 -4.65143 35.3564 20.6389 -17.8228 20.0237 -17.8499 -41.5613 -19.0042 -31.5269 -87.3279 10.31 5.67743 1.7301 12.18 -58.3776 18.5153 44.1396 -17.3793 -24.6115 -28.3142 -5.21446 -7.90801 19.9889 -28.3321 -20.2882 -13.3974 4.68893 21.0112 11.7386 1.20112 -28.4304 -1.08457 
3.35304e-07 -1.03361e-05 5.70991e-05 2.59506e-07 -7.78371e-07 -2.54512e-05 -3.33007 -66.7452 -52.251 -17.7518 -33.7457 -25.6551 -36.4653 27.7273 30.5019 -15.8378 -0.331155 -14.8644 35.3564 -61.3875 18.4306 -43.2333 -8.87356 -17.1474 -30.4563 -41.9383 -19.8255 2.37263 22.3611 9.02758 11.7392 -10.6288 8.92583 3.16685 -4.53009 46.3504 -28.1663 3.17899 -13.1853 -39.3417 -9.50732 -13.6883 4.0058 15.7063 -29.1237 1.67702 -8.5318 -10.5049 -36.1129 36.3609 
1.5991e-06 -2.04735e-06 0.000185146 -6.78709e-07 5.29144e-07 6.76513e-06 4.73377 3.98299 -24.3263 49.7212 2.48886 -33.5467 -22.6993 -16.1158 48.1232 21.6588 -5.18049 -26.7056 20.6389 18.4306 44.2579 -35.4777 -29.591 -28.165 -16.4666 -20.1175 -32.6696 19.3226 5.90205 -0.199796 45.1626 -10.5752 39.4 -27.3735 0.770076 46.1343 47.2916 39.4967 80.6735 -43.9161 33.8507 -18.471 56.0539 8.70326 -29.2405 -16.8196 -14.1727 -23.4393 -15.0443 -4.96121 
-3.56421e-07 -2.94267e-07 -0.000294806 7.97248e-07 2.51468e-06 -1.53482e-06 -16.7115 -7.78782 5.32992 -52.5185 -2.6673 -6.89505 5.60157 30.6692 -3.18433 -48.8481 -64.3982 -45.8123 -17.8228 -43.2332 -35.4777 -69.513 23.7024 -36.269 12.9444 4.64425 -31.7515 -24.4816 10.6856 -28.4602 23.8012 8.42198 -17.993 6.8346 -28.8678 -31.2737 -24.8335 -3.24063 28.2759 17.2149 24.3866 41.3355 -1.54609 10.2194 -34.9652 -65.6238 -14.533 41.3545 37.6616 7.37393 
3.09392e-06 4.67747e-06 -0.000426181 1.08725e-06 9.36226e-07 7.7337e-06 -18.5827 25.6019 -32.6549 24.099 32.6951 27.3464 -37.5549 44.4283 -14.3952 30.5716 18.0446 -39.5711 20.0236 -8.87357 -29.591 23.7025 -43.8984 -27.442 43.2422 5.19031 18.5719 22.1586 -53.2883 18.9594 -9.89078 -28.2871 -17.9225 5.5913 12.4866 55.2663 2.76633 -62.4785 -16.0071 -9.33099 -51.544 11.6926 -75.6656 40.5123 39.1806 -17.0326 27.0886 40.7842 27.1592 -7.26519 
-2.37845e-06 -6.66009e-06 -0.000123685 -1.75501e-06 -2.06519e-07 2.13087e-06 3.78737 39.4532 -27.3624 28.5892 -3.63089 -28.8 13.7245 -42.0532 -6.13864 33.2266 28.9197 9.48274 -17.8499 -17.1474 -28.1651 -36.2691 -27.4419 46.9451 -35.482 24.8197 -21.4634 52.3002 -29.28 19.3792 4.55553 7.85294 22.7882 -36.2713 35.402 47.4871 45.1656 -23.0767 38.449 43.792 -34.7689 18.3415 -42.8461 -21.9311 53.2214 -33.8596 -26.7649 -15.2015 -36.6401 46.6547 
7.37401e-07 1.81884e-05 0.000292117 7.12714e-07 1.64522e-06 3.34345e-07 29.2845 -10.6425 17.1458 -11.1054 54.5474 0.180356 -44.1453 31.6876 -7.39428 0.660079 -44.0939 -14.8444 -41.5614 -30.4562 -16.4666 12.9444 43.2422 -35.4818 -40.7638 14.4728 -4.87431 -24.0187 21.2533 18.347 19.6769 17.4769 -33.2444 1.32349 54.0868 -18.7123 -25.7438 5.27169 15.7351 7.94426 -9.4741 -46.5429 52.0732 1.1661 46.6094 35.5603 19.9765 -42.6145 30.6972 10.4879 
-1.75777e-06 6.07462e-06 -0.0002379 -2.79825e-06 -1.8216e-06 1.0848e-05 8.64141 15.3052 -24.7945 8.48139 -43.3179 -55.9565 21.337 -17.4643 19.047 5.03909 23.4676 14.0729 -19.0041 -41.9383 -20.1176 4.64429 5.19031 24.8197 14.4729 -69.3494 -14.1554 -56.2542 -47.7422 -16.3513 11.3464 23.4194 -68.7747 11.4872 15.9202 -0.618216 41.9505 17.4054 -36.4551 -37.6034 28.2635 -20.5822 24.6697 -21.1284 -7.32491 -33.0701 -67.6507 -25.9143 -17.9062 -21.0392 
-2.79315e-06 -7.21735e-07 -2.33729e-05 1.91393e-06 -9.94844e-07 -1.30236e-05 -13.3444 16.8827 -16.177 33.5159 -31.3462 48.6219 -35.8606 -16.958 47.8924 -21.2852 9.15468 18.3199 -31.5269 -19.8255 -32.6695 -31.7516 18.5719 -21.4634 -4.87433 -14.1555 42.5783 33.936 35.0912 -0.00131447 -39.9205 -4.75268 -29.2474 -3.0458 -16.9065 -26.9634 65.3996 23.8941 25.5711 7.5146 -0.248092 45.2325 -9.67982 -33.0638 -8.29712 32.5931 25.9463 -40.668 -65.057 42.3521 
-2.23458e-06 -3.40428e-05 -0.000496004 -5.94426e-07 -1.13125e-06 9.574e-07 -25.2448 -16.1079 -20.0758 40.8229 -55.1678 11.4561 -4.49833 5.75426 -3.43444 -0.804073 -15.2784 -24.9116 -87.3279 2.37262 19.3226 -24.4817 22.1586 52.3001 -24.0186 -56.2542 33.9361 2.44801 15.112 -7.24593 -12.2564 3.14942 -20.1014 -14.3882 10.6291 1.62117 -8.12108 -9.47039 31.9741 29.9739 4.20661 -43.945 -1.48535 12.4277 -9.16729 -10.7855 13.0695 -37.2344 11.8108 -14.218 
3.07438e-06 2.91906e-06 -8.71046e-05 5.38008e-07 7.73232e-07 -1.35601e-06 -35.3266 18.0561 4.0291 7.42507 -5.3552 23.7496 -40.4735 -16.1016 1.85655 45.3848 -21.7716 -49.1104 10.3101 22.3612 5.90208 10.6857 -53.2883 -29.2801 21.2532 -47.7422 35.0912 15.112 -50.1462 -63.7703 19.2243 3.07562 47.6966 -4.02841 55.4394 8.99778 -0.589699 -32.9403 -9.12099 -21.7394 0.32972 15.8928 28.2819 7.49909 21.0207 6.87648 7.62297 19.5337 20.6924 -32.9289 
-1.84921e-06 -7.04587e-06 -4.27525e-05 -3.56616e-07 -1.01722e-06 -9.0152e-06 -19.9366 -28.4019 -26.6341 50.2981 6.54688 9.82205 20.1581 -30.3376 -4.7833 -69.2842 12.2218 46.0581 5.6774 9.02757 -0.19986 -28.4603 18.9594 19.3792 18.347 -16.3513 -0.00129935 -7.24589 -63.7702 -9.50049 -0.173469 4.61126 39.1694 -8.06728 -34.1809 -33.6928 -39.0247 -20.0679 -4.09529 34.2256 18.7858 -1.53887 -3.52014 -19.4519 20.5565 33.1418 -48.3306 -24.0222 -34.332 38.1725 
7.41542e-07 -5.92266e-06 0.000291824 2.05596e-06 -3.00732e-07 6.4671e-06 62.2318 -28.666 -55.1645 30.4255 4.13352 9.79615 35.9897 7.52203 -36.2234 -7.93274 -39.3703 13.7403 1.73003 11.7392 45.1625 23.8012 -9.89077 4.55557 19.6768 11.3466 -39.9205 -12.2564 19.2243 -0.173424 -42.8759 40.7498 -17.2482 -6.32477 18.2408 -15.5126 -10.9336 12.1431 -44.2696 -35.6254 65.3503 -3.40953 1.37159 10.8633 10.3857 -13.3551 -35.2583 21.8589 43.2501 23.2503 
5.83166e-07 9.39471e-06 -0.000426191 1.83061e-06 -3.43301e-06 7.52509e-06 -27.1684 -3.94908 -47.6879 50.835 66.3448 -34.6002 22.4041 -27.4206 15.0035 9.25315 -51.3008 -34.7106 12.18 -10.6288 -10.5752 8.42197 -28.287 7.85289 17.4772 23.4195 -4.75262 3.14943 3.07558 4.61131 40.7498 0.167682 -0.811147 -24.4462 12.5962 14.7037 5.64801 -0.188063 -5.13661 1.4146 -9.68569 49.7203 -44.261 -11.0015 4.2054 -21.2768 -9.73012 -7.08351 -6.84093 -41.7075 
2.98748e-06 -2.03724e-05 8.13538e-05 2.624e-06 -6.07715e-06 6.70552e-06 36.5616 -51.0934 29.4703 28.7175 -31.3921 -42.8183 3.23698 -10.3502 -2.12704 -2.8765 29.9465 31.4698 -58.3775 8.92579 39.4 -17.993 -17.9226 22.7882 -33.2444 -68.7748 -29.2474 -20.1014 47.6966 39.1694 -17.2483 -0.811195 -43.4084 21.5647 23.869 6.89441 46.6749 -23.8305 -32.1986 23.6183 24.3787 13.0381 -35.1594 -16.1548 -36.3849 -27.94 10.5261 -1.77171 -26.585 -42.9223 
-6.08672e-06 -2.80511e-06 3.10677e-05 -4.07466e-06 2.56082e-06 -8.59797e-06 -28.5903 58.9639 -32.8233 12.9797 -18.0251 -0.200983 -9.51954 -29.9416 -7.30265 -19.371 2.20162 41.0283 18.5153 3.16686 -27.3736 6.83458 5.59125 -36.2713 1.32347 11.4872 -3.04576 -14.3882 -4.02842 -8.06728 -6.32481 -24.4461 21.5647 10.1228 -28.7098 19.3363 0.734798 21.6047 -9.48403 -16.2418 -1.25867 18.9726 -29.22 -2.00207 -10.8333 -24.5578 1.70183 30.2085 13.4996 25.004 
-2.64563e-06 4.2013e-07 0.000246298 2.88339e-06 1.67088e-07 -4.03076e-06 28.5964 5.5864 10.8031 -20.8846 -6.37954 -45.9395 -17.2682 49.9318 -20.2418 -22.6435 6.84355 25.9236 44.1396 -4.53012 0.770071 -28.8679 12.4866 35.4021 54.0868 15.9202 -16.9064 10.6291 55.4393 -34.1809 18.2409 12.5963 23.8691 -28.7099 -14.1744 15.8272 -17.5984 39.9136 -21.1145 -53.1781 15.7646 -33.4258 -39.6472 27.2227 -28.9012 -7.48804 -14.9914 40.1435 27.4593 55.8131 
6.66775e-06 -5.30568e-07 -0.000284599 -4.9272e-07 1.01389e-06 1.45733e-05 16.9046 -18.7688 5.80283 -5.53108 46.5582 -4.23005 -42.1925 13.6906 44.4777 -21.0075 3.72244 -63.0853 -17.3792 46.3504 46.1342 -31.2737 55.2663 47.4872 -18.7123 -0.618219 -26.9635 1.62119 8.9978 -33.6927 -15.5126 14.7038 6.8944 19.3363 15.8272 -2.11994 41.735 -23.7797 10.113 -13.2267 2.77634 24.3259 48.0201 -33.209 -21.738 -22.8607 -43.9605 23.7317 64.219 12.248 
2.22459e-06 -9.36833e-06 0.000159635 3.46187e-06 8.97227e-08 -2.15471e-05 -27.1306 47.2773 -3.83319 -16.4896 -43.1355 -50.9733 38.4486 7.79754 -32.3211 15.6376 9.87511 15.2474 -24.6115 -28.1664 47.2917 -24.8335 2.76633 45.1656 -25.7437 41.9504 65.3997 -8.12109 -0.589651 -39.0246 -10.9335 5.64793 46.675 0.734815 -17.5984 41.735 52.3378 2.37874 -17.5887 -9.80637 -19.9249 35.0614 73.9428 43.2837 40.9273 -11.1093 -1.27769 38.9742 -14.3368 -27.5042 
2.34881e-06 -2.12749e-06 0.000115779 -2.37888e-06 6.97765e-07 -1.09076e-05 10.9554 -45.3842 25.9766 -40.9029 -44.8415 -1.64993 24.9571 1.84416 7.0172 -30.4375 -55.6988 -28.9736 -28.3141 3.17893 39.4967 -3.24072 -62.4785 -23.0767 5.27168 17.4053 23.8942 -9.47037 -32.9403 -20.0679 12.1431 -0.188139 -23.8306 21.6047 39.9137 -23.7797 2.3787 -30.1984 38.7138 -55.9312 10.7548 21.4842 7.22464 -23.3581 -37.735 11.571 -7.21989 46.9366 -28.7508 -38.3207 
-6.2366e-07 1.19195e-05 -0.000104254 -4.72328e-06 -5.09331e-07 -2.64496e-07 29.1108 24.0307 21.8378 13.3753 6.35745 -20.5599 -5.09016 44.1081 -17.4676 -43.7951 -41.6957 23.5604 -5.21446 -13.1853 80.6733 28.2759 -16.0072 38.4493 15.7351 -36.455 25.5712 31.9741 -9.12101 -4.09539 -44.2696 -5.13652 -32.1987 -9.48405 -21.1145 10.113 -17.5887 38.7138 -71.694 -50.1571 22.8456 -36.548 34.7429 3.00636 24.1995 -37.4145 -26.4526 -19.6519 -7.93042 33.5461 
-1.30352e-06 -1.35077e-05 -9.81601e-05 2.65558e-06 1.67506e-06 1.30683e-05 -60.7409 35.1312 -34.4788 3.85337 32.4728 22.4925 5.66415 39.8991 -22.8107 -28.6714 -45.0923 -2.94376 -7.908 -39.3416 -43.9162 17.215 -9.33099 43.792 7.9442 -37.6034 7.51451 29.9739 -21.7394 34.2256 -35.6253 1.41458 23.6183 -16.2418 -53.1781 -13.2266 -9.8064 -55.9312 -50.1572 33.8888 63.8689 48.6668 -38.6189 44.3147 28.2356 -7.47776 9.3077 -43.4366 18.6169 -56.202 
-4.41836e-06 -2.40709e-05 -0.00026735 5.68839e-06 -2.42488e-06 -3.91901e-06 -6.59508 -66.6788 7.95323 -15.8093 45.6633 -45.8279 13.2445 19.3289 -36.3676 -62.6543 24.0326 -39.1514 19.9889 -9.50725 33.8507 24.3865 -51.5439 -34.7688 -9.47409 28.2635 -0.248037 4.20662 0.329691 18.7858 65.3503 -9.68567 24.3787 -1.25868 15.7646 2.77636 -19.925 10.7548 22.8457 63.869 12.4759 -10.0261 -36.4416 24.7909 29.9757 1.54282 9.29388 0.571629 27.2642 -4.12969 
1.13983e-05 -2.06096e-06 -8.68129e-06 -3.49709e-06 4.64111e-07 -3.46452e-06 22.7703 13.6095 21.7475 -80.6305 2.15948 -45.1909 0.12496 10.5153 -43.4072 -29.3464 -91.2667 26.4609 -28.332 -13.6885 -18.4709 41.3356 11.6926 18.3415 -46.543 -20.5822 45.2325 -43.9451 15.8928 -1.53881 -3.40952 49.7203 13.0382 18.9726 -33.4258 24.326 35.0615 21.4842 -36.5481 48.6669 -10.0259 -10.419 26.6438 2.7727 0.720277 -12.1797 -46.1911 -33.8501 -46.949 2.2623 
-1.12786e-07 -1.85688e-05 6.1104e-05 -1.25243e-08 1.18621e-07 -1.59442e-05 -11.8645 -49.7867 -21.4421 -23.0361 17.0031 -29.3064 17.5555 61.8373 -12.7223 1.81633 -26.109 -18.5304 -20.2882 4.0058 56.0537 -1.5462 -75.6657 -42.8461 52.073 24.6697 -9.67977 -1.48542 28.2821 -3.5202 1.37166 -44.261 -35.1594 -29.2199 -39.6471 48.0201 73.9427 7.22466 34.7429 -38.619 -36.4416 26.6438 35.6168 -21.2458 0.322584 -12.577 32.9848 -31.7127 4.37874 34.9336 
-4.52824e-07 -6.55775e-06 6.65528e-05 -3.25265e-06 -3.7399e-06 -3.44217e-06 -4.01386 43.829 -47.4314 -8.52075 35.8904 37.9748 -26.8683 -28.9716 49.2116 5.92793 -32.8997 65.3826 -13.3974 15.7064 8.70325 10.2194 40.5122 -21.9311 1.16614 -21.1284 -33.0638 12.4278 7.4991 -19.4519 10.8633 -11.0015 -16.1547 -2.00208 27.2227 -33.2089 43.2838 -23.358 3.00628 44.3146 24.791 2.77271 -21.2458 16.5484 -0.0370235 -13.1391 5.00955 -19.6757 -32.9136 -5.21342 
-2.21459e-06 3.51092e-06 -0.000139297 -1.14831e-06 4.92162e-06 -5.75185e-06 -15.1135 -30.3712 16.2838 24.9682 73.6037 -31.5622 -53.8195 1.61701 -49.164 -3.31096 -46.7919 1.92736 4.68894 -29.1236 -29.2405 -34.9655 39.1805 53.2216 46.6094 -7.32486 -8.29717 -9.1673 21.0206 20.5565 10.3858 4.20545 -36.385 -10.8333 -28.9013 -21.7379 40.9272 -37.735 24.1994 28.2356 29.9758 0.720316 0.322549 -0.0370118 2.23691 29.7257 -43.0663 25.8809 -12.5016 28.7753 
-1.66339e-06 -1.70604e-05 0.000529578 -8.48607e-07 -5.29965e-09 -7.93487e-07 -12.5873 36.3353 9.77504 12.5456 -23.5969 -10.4655 42.7968 16.0452 -20.8485 -55.2004 47.953 0.783619 21.0112 1.67696 -16.8198 -65.6235 -17.0326 -33.8595 35.5604 -33.0702 32.593 -10.7854 6.87646 33.1417 -13.3551 -21.2767 -27.9401 -24.5578 -7.48803 -22.8607 -11.1093 11.5709 -37.4146 -7.4777 1.54283 -12.1797 -12.577 -13.1391 29.7257 15.4662 -20.5068 -21.7517 33.4582 14.8769 
-1.00815e-05 2.96596e-05 8.12513e-05 4.09016e-06 -5.90981e-06 -4.12762e-06 23.5074 -18.9822 -20.9154 -26.0685 1.98154 35.818 3.10442 25.8056 35.1363 27.8937 -8.23788 -31.8259 11.7387 -8.53178 -14.1726 -14.533 27.0887 -26.765 19.9766 -67.6505 25.9462 13.0694 7.62294 -48.3306 -35.2584 -9.73006 10.5261 1.70183 -14.9914 -43.9605 -1.27758 -7.21985 -26.4526 9.30781 9.29387 -46.191 32.9848 5.00963 -43.0663 -20.5068 -40.3637 -13.6787 -26.3812 56.4422 
-1.26974e-07 -9.32838e-06 0.000226966 1.12049e-06 -4.68296e-07 -6.78003e-07 11.6004 14.1657 -22.8253 12.5377 -42.3984 -42.7699 -0.522445 -32.5529 -31.6169 23.9029 -4.99768 8.70466 1.20112 -10.5049 -23.4393 41.3546 40.7843 -15.2015 -42.6144 -25.9144 -40.6679 -37.2344 19.5337 -24.0222 21.859 -7.08357 -1.77164 30.2085 40.1435 23.7317 38.9743 46.9365 -19.6519 -43.4365 0.571631 -33.8499 -31.7127 -19.6757 25.8809 -21.7517 -13.6788 -16.9632 -7.53934 -1.02099 
4.00911e-07 3.07472e-05 0.000324463 -2.00219e-07 -2.35133e-06 -1.20401e-05 -7.97812 30.5189 4.48003 44.848 25.1541 2.23547 -24.3932 52.4219 -8.86697 12.5567 21.8465 -20.7141 -28.4306 -36.1129 -15.0443 37.6615 27.1591 -36.6403 30.6972 -17.9061 -65.0572 11.8108 20.6924 -34.332 43.2501 -6.84095 -26.5851 13.4995 27.4593 64.2189 -14.3368 -28.7508 -7.9304 18.617 27.2641 -46.949 4.37868 -32.9136 -12.5016 33.4582 -26.3812 -7.53932 -36.7821 -22.9645 
4.4625e-07 -8.24494e-07 0.000100912 -6.6523e-07 2.93187e-06 3.8147e-06 -5.62597 -9.08858 -3.06411 55.3527 44.2343 15.052 15.8572 17.9474 5.75955 -27.2544 -37.5275 -1.36991 -1.08456 36.3609 -4.96123 7.37398 -7.26512 46.6546 10.4879 -21.0391 42.3519 -14.2179 -32.9289 38.1725 23.2504 -41.7074 -42.9223 25.004 55.813 12.2479 -27.5043 -38.3206 33.5461 -56.202 -4.12965 2.26232 34.9336 -5.21341 28.7753 14.8768 56.4421 -1.02101 -22.9645 -12.9361 
