83 397.218 1.86018e-08 -7.7671e-06 -1.7268e-06 4.97796e-07 3.38268e-07 6.70838e-06 -9.70933e-06 5.18475e-06 5.90946e-06 -2.21956e-06 -1.33393e-05 -2.25585e-06 -1.13639e-05 3.70954e-07 -3.90653e-06 -3.08506e-06 -1.2541e-06 6.00962e-07 1.22146e-06 9.76749e-07 4.57636e-06 -2.68059e-06 -1.59878e-06 -2.44714e-06 -1.7286e-06 -2.20669e-07 5.89257e-06 -2.58769e-07 -4.22302e-06 2.75054e-06 7.0766e-08 -3.80592e-06 -4.92692e-06 5.31918e-06 4.38894e-06 1.47484e-06 -2.94598e-06 3.54211e-06 -3.89224e-06 9.58177e-06 8.33713e-07 -1.32617e-07 -1.0089e-06 -6.59229e-07 -1.19568e-05 -1.0524e-06 1.03737e-06 8.95064e-07 
397.218 1917.54 1069.69 0.000348791 -0.000157406 0.000506774 0.000109164 6.01033e-05 0.000183038 0.000707903 0.000160817 -0.000119977 -0.000109444 4.58004e-05 -0.0001343 0.0002928 4.60423e-05 -7.96582e-05 -0.000162709 -2.49751e-05 -2.87751e-05 -6.92499e-05 8.98973e-05 -0.000274412 0.000207419 3.73168e-05 -1.43595e-05 0.00036191 -2.06623e-05 0.000221628 -2.43663e-05 -0.000667895 0.000449781 0.000293509 6.59322e-05 -0.000159572 0.000117507 0.00015762 -1.39897e-05 -0.0001446 0.000346098 0.000299197 -0.00022666 8.52045e-05 -0.000339014 -3.15717e-05 0.000327467 -2.78356e-05 -5.31557e-05 0.000498712 
1.86018e-08 1069.69 536.677 167.012 -0.00015178 -0.000285773 -5.79214e-05 0.000379222 -1.77408e-05 0.000485485 0.000240023 -5.88749e-05 0.000164497 7.0566e-05 -6.45599e-05 -0.000265757 -0.000148837 3.81349e-05 0.000240216 2.26094e-05 0.000318264 -0.00020856 -0.000433621 -0.000108931 0.000329456 -0.000125238 -4.18213e-05 -0.000497763 -5.35858e-05 -3.95256e-05 0.000311543 -0.00021266 -4.02909e-05 3.20799e-05 0.000217953 -0.000298059 0.000227339 7.62262e-05 -0.000207172 2.53241e-05 -0.000215124 2.34672e-05 2.32186e-05 5.5817e-05 -0.000202156 0.00044845 0.000265565 0.000135364 0.000414124 0.000135792 
-7.7671e-06 2.20439e-05 167.012 -12.9172 186.184 9.77807e-06 -1.04601e-05 -6.24357e-05 3.38114e-05 -3.14696e-05 3.12105e-06 -2.1923e-05 5.73791e-05 5.52078e-05 -9.10019e-05 -1.11404e-05 -3.13959e-05 8.17326e-05 2.23094e-05 3.42011e-05 6.09716e-05 1.57294e-05 -2.03247e-05 4.83553e-05 -2.54441e-05 -0.000169159 3.62639e-06 4.7413e-05 2.65833e-06 8.06871e-07 -2.34738e-06 3.17293e-05 1.69441e-05 -3.8832e-06 -3.40581e-05 4.42182e-05 1.89327e-05 7.38319e-05 3.43185e-06 -9.99265e-05 6.2117e-05 4.18617e-05 -2.90283e-05 -3.9583e-05 -4.04551e-05 5.74782e-08 -1.99643e-05 2.1322e-05 -5.65229e-05 -2.72336e-05 
-1.7268e-06 -4.9581e-06 -0.000161305 186.184 -26.8823 182.229 1.8717e-05 4.48487e-05 -5.46317e-05 0.000141337 -1.09081e-05 -2.17535e-05 -5.16123e-05 6.48545e-05 8.18002e-05 -5.76888e-05 -5.03874e-05 -1.76914e-05 5.42464e-05 9.21856e-05 6.03123e-05 -7.88355e-05 -3.28686e-05 7.13893e-06 -3.89017e-05 9.09024e-05 3.77607e-05 -5.0503e-05 -8.47246e-05 5.4399e-05 9.1974e-05 -9.91281e-07 5.68567e-05 -6.08788e-05 2.26616e-05 -5.28064e-05 -1.9351e-06 -6.49058e-05 0.000153097 -8.56554e-05 -7.05671e-05 -8.34898e-05 7.03706e-05 3.93329e-05 -6.31251e-06 -8.90886e-05 0.000150356 8.59919e-05 -5.97427e-05 0.000134298 
4.97796e-07 -2.91559e-06 -0.000276778 2.87762e-06 182.229 40.7621 191.064 2.57784e-05 -3.36516e-05 -8.9517e-05 7.9419e-05 -3.65859e-05 -5.51518e-06 4.60018e-05 -1.92021e-05 8.28116e-05 2.88626e-06 -3.39862e-05 -1.71333e-05 -3.38554e-05 8.92659e-05 3.84864e-05 8.12966e-05 4.69657e-05 -9.35872e-07 6.30152e-05 -8.00385e-05 -1.67857e-05 -3.17554e-05 1.26623e-05 1.52427e-05 -3.61765e-05 -1.08933e-05 -2.93817e-05 -6.40214e-05 5.26407e-05 -1.82964e-05 -0.000138519 8.45079e-05 0.000171484 -5.11388e-05 -6.1988e-05 -0.000104874 -5.10631e-05 8.89165e-06 -0.000125484 -4.2732e-05 9.39999e-06 -6.41197e-05 1.19536e-05 
3.38268e-07 2.2668e-06 -0.000126822 -4.35033e-07 -2.45609e-07 191.064 26.988 164.261 -8.0104e-05 -7.56234e-07 2.15694e-05 -7.86101e-05 -4.02419e-05 3.76012e-05 4.56348e-07 -3.52217e-05 1.72649e-05 0.000159323 -4.24683e-06 -7.01775e-06 1.47051e-05 -2.37674e-06 -6.06366e-05 5.70645e-06 0.000177249 -0.000100006 2.24588e-05 -2.2864e-05 -3.49171e-05 -8.17068e-05 0.000107601 5.00381e-05 2.61329e-05 7.52322e-06 -5.74253e-06 -3.72641e-05 -1.71661e-05 0.000102382 0.000222364 2.70456e-06 -6.53649e-06 -5.32288e-05 1.19638e-05 4.2452e-05 3.75416e-06 -4.50667e-06 -0.000130437 -3.61642e-05 -5.32698e-05 3.91006e-05 
6.70838e-06 4.39495e-06 0.000372263 2.14442e-06 -4.50525e-06 8.32657e-07 164.26 9.26334 10.535 -11.2027 -18.89 -36.1507 32.8417 31.1202 28.5598 34.4415 -10.0315 11.1981 -13.4275 45.9514 38.5894 28.7928 0.774785 -4.61337 -55.1702 2.24416 -44.3787 -29.3373 45.9172 19.9734 -26.0558 20.7749 -40.9935 42.1527 51.2962 -55.5405 22.2654 68.2078 -31.7414 -33.4521 18.5899 -41.1655 35.2693 -20.4036 -31.7324 -7.42813 -54.9223 21.63 -30.927 31.6195 
-9.70933e-06 -2.08493e-06 -1.72915e-05 6.88146e-07 1.75097e-06 9.71927e-06 -2.3935e-06 10.5351 33.7623 25.0137 51.5952 0.247929 17.2325 -0.20031 13.5311 10.6664 14.4521 12.2162 39.3982 -47.4313 -22.2346 5.23318 -35.7696 -28.9829 18.2138 -24.4757 -20.4076 -23.3661 1.55378 -26.5323 -48.4307 -49.4404 33.8197 -36.6335 15.9406 5.91132 -7.86478 32.3555 22.3711 -44.0825 11.1669 21.6527 -18.7983 -50.8069 14.615 6.42822 -20.0672 -21.2499 0.81121 -1.79325 
5.18475e-06 2.95782e-06 0.000457503 1.59651e-06 5.44462e-06 4.81515e-06 -1.00303e-05 -11.2027 25.0136 13.2481 -6.61584 -12.929 12.3593 4.63046 -16.3816 -12.9792 4.31715 26.4436 9.50549 -1.2655 55.1058 -48.0423 19.3859 22.2818 -16.0538 7.03281 23.7058 37.4526 9.56949 56.3388 34.2951 52.9717 32.2584 8.89219 -12.5213 -10.025 -21.7087 -23.4843 6.75366 -9.69317 -3.56354 -87.4596 -11.1168 -18.2482 23.9208 5.36641 -30.0699 14.2913 35.3109 61.0603 
5.90946e-06 -4.57958e-06 0.000230855 3.96338e-06 -6.13262e-07 1.03974e-05 -1.33365e-05 -18.89 51.5952 -6.61581 16.978 -33.8368 -24.8565 -11.2749 -20.2408 -23.8758 9.21913 -17.3601 -21.1284 -8.01283 11.3529 3.073 23.7977 -13.2776 49.0547 -44.9203 -47.8675 -62.4731 -4.76023 14.4996 15.1437 67.5715 -22.9253 -26.7252 9.06297 40.8057 -53.5048 -16.512 -1.78737 6.32199 64.4518 -6.81257 34.8618 20.2354 70.7598 -35.9097 -2.4735 -38.7187 9.48657 52.7902 
-2.21956e-06 9.00086e-06 -0.000102977 -1.26421e-06 -8.38827e-07 8.53279e-06 -2.80794e-06 -36.1506 0.247946 -12.9289 -33.8368 -41.855 -15.8286 -9.76069 -38.6082 -10.0362 -9.77662 -17.4226 -24.8924 -22.2428 -30.3467 -11.6315 19.3726 -29.205 9.28924 -53.2654 41.1011 1.47088 11.6929 4.36728 33.1714 -43.7365 -28.7311 -11.5851 -33.3588 0.570601 -62.1507 7.14043 -11.9808 -3.05175 -44.7697 -38.941 -30.2273 33.8196 -37.269 -16.9802 43.1219 -38.1242 -3.28676 14.631 
-1.33393e-05 -8.58371e-06 0.000168442 -7.11947e-07 2.21228e-07 4.58721e-07 -5.68689e-07 32.8417 17.2325 12.3592 -24.8565 -15.8285 -9.85793 20.7219 -3.93675 48.552 -23.3199 17.4164 -1.83578 -34.5007 -24.012 11.4418 -31.5582 12.1291 -54.2307 18.3614 -31.8845 3.80377 -28.5034 27.1615 15.2958 31.635 -8.85573 -0.131111 -26.4391 -48.0985 47.289 22.1735 -15.2033 25.3604 16.0875 -7.87025 22.1507 -26.0203 -48.7993 46.6539 -4.99303 -4.32686 -22.2045 18.0392 
-2.25585e-06 -3.92135e-06 6.47125e-05 -9.80197e-07 3.16704e-06 -2.46156e-06 -5.64288e-06 31.1202 -0.200242 4.63043 -11.2749 -9.76063 20.722 -25.5895 -32.1589 10.6023 12.8175 12.1493 -25.9563 36.0481 -14.9819 37.2292 47.364 -45.9204 21.4948 -20.4669 -17.7397 11.1065 -5.52619 -22.1968 -7.66827 -19.068 -18.7046 -24.0016 45.9134 7.07041 12.8314 6.69764 33.2101 50.3316 26.6308 1.24909 70.4261 -32.2545 5.25774 16.2409 17.6107 -34.9201 50.3028 22.0451 
-1.13639e-05 1.41106e-07 -0.00016041 1.1709e-06 2.60953e-07 6.35093e-06 -8.51043e-06 28.5598 13.5311 -16.3816 -20.2408 -38.6081 -3.93674 -32.1589 10.9279 21.7546 4.72784 -2.87129 7.57243 44.703 51.1235 5.11887 -12.9592 -12.2789 -19.6142 15.4503 43.7539 0.956219 13.5205 5.68581 -50.6179 24.3663 -9.56435 -2.54787 -21.5583 36.1061 -28.8873 17.9493 -30.985 -16.6211 -24.66 -55.3078 0.205479 42.5146 -45.7546 -23.0833 25.3037 -33.4696 -14.2957 11.9345 
3.70954e-07 3.08578e-07 -0.000183608 2.51622e-06 -2.42786e-06 2.98313e-06 -4.07454e-06 34.4415 10.6664 -12.9793 -23.8758 -10.0362 48.5519 10.6023 21.7546 26.1902 -25.4799 1.76409 41.823 -8.12624 22.4234 -41.9909 34.2532 29.519 -10.1777 1.84579 -21.2558 5.43151 56.9021 -60.8188 -25.1103 18.3093 -12.4529 -12.4191 -27.8574 -27.9299 21.6891 -26.6512 -55.2613 -15.8804 -55.6843 -38.9863 10.2414 3.17927 0.817107 -54.3287 19.1822 21.1209 11.0802 -23.2369 
-3.90653e-06 -3.81077e-06 -0.000122614 -1.36126e-06 -3.4748e-06 4.70328e-06 -5.27315e-06 -10.0315 14.4522 4.31713 9.21913 -9.77664 -23.3198 12.8175 4.72787 -25.48 -50.8075 16.8646 -29.7028 8.99194 -1.07239 -64.7532 11.8123 25.8119 -41.7277 24.1729 0.808458 -21.9182 -26.9303 12.2204 -25.676 -54.9745 38.7552 -5.48102 17.103 4.10209 1.77728 -43.2056 -40.3691 -64.3433 30.205 -91.2229 -21.0954 -39.4923 -50.1826 41.3299 -6.35592 -1.82311 14.6447 -35.1167 
-3.08506e-06 -2.63342e-05 4.34976e-05 3.34682e-06 1.32021e-06 -8.36605e-06 1.26511e-05 11.1983 12.2163 26.4435 -17.3599 -17.4225 17.4163 12.1493 -2.87128 1.76408 16.8647 -14.2164 4.62213 -43.8416 -36.2251 -53.5312 -31.1029 20.5451 -6.41363 16.5403 35.7072 -18.7434 -52.5507 35.6169 6.34468 -38.2145 24.8949 48.4898 10.9387 -55.3373 24.6862 -59.7256 34.9369 21.4647 -60.6364 38.2623 -39.3913 82.5364 3.91262 13.5345 -25.0071 5.50966 -3.85782 -11.3596 
-1.2541e-06 -5.70103e-06 0.000357093 -1.37716e-06 3.36256e-07 7.67679e-06 8.08574e-06 -13.4276 39.3981 9.50554 -21.1283 -24.8924 -1.83577 -25.9563 7.57244 41.8229 -29.7027 4.62207 1.4666 17.8013 15.8001 -25.0199 22.0389 -10.7472 -31.9431 -16.178 -23.4371 -87.7252 2.66152 -3.63278 7.29825 5.79354 -56.4164 18.3449 39.8908 -10.1344 -23.3876 -44.6365 6.1067 -3.24331 6.31551 -17.7713 -34.4344 -3.95855 3.44788 26.4974 19.4894 1.17188 -19.7979 -7.84994 
6.00962e-07 -1.04179e-05 5.86329e-05 4.28962e-07 -8.79215e-07 -2.54154e-05 -1.25752e-06 45.9515 -47.4313 -1.2655 -8.01287 -22.2428 -34.5007 36.0481 44.703 -8.12619 8.99195 -43.8416 17.8012 -57.4167 16.2247 -32.6437 1.74556 -20.1789 -48.6676 -47.3108 -12.9665 17.1606 43.8734 21.7444 -25.2447 5.97378 -12.6513 19.8822 -20.739 35.6425 -12.4642 -1.33476 -31.4916 -4.40938 -4.07788 -28.2043 12.567 16.9609 -20.1547 8.39441 -23.1539 -17.2758 -32.4504 40.4272 
1.22146e-06 -1.93102e-06 0.000182966 -9.19594e-07 6.72496e-07 6.71423e-06 1.52411e-06 38.5894 -22.2345 55.1059 11.3529 -30.3467 -24.012 -14.9819 51.1237 22.4234 -1.07242 -36.225 15.8001 16.2247 42.5055 -33.2746 -25.4974 -27.7666 -20.8186 -21.4037 -28.6401 24.3693 11.8007 2.30977 33.4745 -6.12155 32.3181 -21.6121 -5.71766 43.8998 52.9862 34.6004 76.6361 -30.851 32.9428 -21.3492 56.1355 11.0646 -26.3837 -13.3706 -17.6612 -25.7931 -12.0124 -4.93195 
9.76749e-07 -7.04934e-07 -0.000287109 1.64764e-06 2.00861e-06 -1.35513e-06 -3.55206e-06 28.7928 5.23321 -48.0422 3.07297 -11.6315 11.4419 37.229 5.1188 -41.9911 -64.7532 -53.5312 -25.0199 -32.6436 -33.2746 -63.2282 24.8883 -40.8626 3.66537 1.9131 -34.7473 -21.0548 19.589 -20.5432 12.6959 15.5612 -23.7586 10.5536 -30.028 -37.6106 -22.1068 4.82599 18.0324 22.2045 33.1414 32.3354 8.14977 5.26062 -32.3325 -67.2076 -21.9989 39.9025 33.6718 12.0048 
4.57636e-06 4.22082e-06 -0.000417622 2.03287e-06 3.73485e-07 7.93351e-06 -7.07619e-06 0.774766 -35.7696 19.3858 23.7976 19.3726 -31.5583 47.3641 -12.9592 34.2533 11.8123 -31.1028 22.0388 1.74554 -25.4975 24.8884 -49.0321 -31.2347 43.0922 5.15379 10.6072 17.2037 -55.6541 20.8406 -0.63165 -29.7817 -11.6389 -0.200307 21.1256 54.0895 -3.62191 -49.7049 -17.2897 -24.8729 -44.0989 9.59095 -69.0037 33.6047 36.8604 -23.1642 26.9489 43.1975 19.9525 -4.06917 
-2.68059e-06 -6.56701e-06 -0.000125429 -1.94774e-06 -9.18261e-08 2.09014e-06 1.41189e-06 -4.61348 -28.9829 22.2819 -13.2776 -29.205 12.129 -45.9204 -12.2789 29.519 25.8118 20.5452 -10.7471 -20.1788 -27.7666 -40.8627 -31.2347 48.7044 -27.8255 27.0775 -23.3151 46.7361 -37.9972 13.8042 18.874 1.08273 31.0284 -42.536 41.088 52.1291 39.4026 -22.8272 46.2911 31.1423 -38.0036 24.6994 -47.2935 -21.5685 49.7587 -35.8877 -20.6149 -12.6725 -37.2488 44.5383 
-1.59878e-06 1.8908e-05 0.000278629 -7.77473e-07 2.53204e-06 1.94674e-08 1.06525e-05 -55.1701 18.2139 -16.0537 49.0547 9.28914 -54.2308 21.495 -19.6143 -10.1776 -41.7276 -6.41364 -31.9432 -48.6675 -20.8186 3.6654 43.0922 -27.8254 -27.5422 18.3621 1.76003 -27.4044 9.31699 6.54223 32.6801 7.78538 -26.9346 -2.22698 53.1527 -9.36199 -27.7067 -10.0006 30.6647 5.50308 -24.1312 -33.1341 36.3137 10.272 43.5644 39.6417 30.6203 -41.2737 38.5165 2.95666 
-2.44714e-06 6.28697e-06 -0.00024188 -3.23798e-06 -1.55992e-06 1.07551e-05 2.56114e-06 2.24405 -24.4757 7.0328 -44.9204 -53.2654 18.3615 -20.4668 15.4504 1.84578 24.1728 16.5402 -16.1779 -47.3108 -21.4037 1.91312 5.15378 27.0774 18.3622 -68.2056 -12.1922 -57.2428 -51.2498 -19.8264 15.1577 20.5708 -66.9279 10.4514 15.6327 2.13391 41.3825 12.8942 -32.0617 -38.2985 23.9411 -16.6349 20.0243 -18.4397 -8.21718 -31.8605 -64.5196 -25.5235 -15.5955 -23.2592 
-1.7286e-06 -1.04966e-06 -1.72265e-05 2.59298e-06 -1.39895e-06 -1.28801e-05 -3.99537e-06 -44.3787 -20.4076 23.7057 -47.8674 41.101 -31.8844 -17.7397 43.7537 -21.2558 0.808542 35.7072 -23.4371 -12.9665 -28.6402 -34.7474 10.6073 -23.3151 1.76001 -12.1923 33.7865 24.5659 25.2593 -3.24034 -18.9441 -12.0809 -16.3177 -13.787 -4.11908 -23.9166 54.566 35.5893 31.3521 -17.6303 3.57994 48.9656 -7.62737 -38.9483 -13.4429 25.292 31.2579 -36.2643 -72.0688 43.3519 
-2.20669e-07 -3.46631e-05 -0.000484376 6.90198e-07 -1.89574e-06 1.22884e-06 -7.99634e-06 -29.3372 -23.3661 37.4526 -62.4732 1.47076 3.80383 11.1065 0.956217 5.43155 -21.9182 -18.7434 -87.7253 17.1606 24.3693 -21.0548 17.2037 46.7361 -27.4044 -57.2428 24.566 -1.54018 15.7366 -2.52411 -6.43966 4.07096 -15.5377 -19.1497 19.2582 -1.81432 -13.8516 6.69248 27.0685 15.46 15.0375 -49.2743 8.85412 3.47975 -10.6773 -17.7476 10.3254 -35.2164 2.88747 -9.26487 
5.89257e-06 2.05095e-06 -7.08333e-05 2.33566e-06 -2.96563e-07 -9.76161e-07 -7.93859e-06 45.9172 1.55374 9.56943 -4.76024 11.6929 -28.5034 -5.52619 13.5206 56.9022 -26.9303 -52.5506 2.66155 43.8735 11.8007 19.589 -55.6541 -37.9972 9.3169 -51.2498 25.2593 15.7365 -40.5883 -52.2621 12.0666 11.0435 45.0955 -3.66349 60.4851 0.0349036 -1.93973 -13.0156 -23.1415 -27.1186 17.1072 2.83796 45.667 -4.0357 22.6228 0.228099 -1.99542 19.5061 10.1666 -24.6148 
-2.58769e-07 -7.53578e-06 -3.35698e-05 6.57887e-07 -1.62096e-06 -8.80084e-06 -3.66941e-06 19.9733 -26.5322 56.3389 14.4995 4.36728 27.1615 -22.1968 5.68582 -60.8188 12.2204 35.617 -3.63281 21.7444 2.3097 -20.5433 20.8406 13.8043 6.5422 -19.8264 -3.24033 -2.52408 -52.262 0.444756 -14.9839 13.8102 31.3735 -2.91299 -36.2827 -41.6767 -35.0909 -10.7195 -17.0462 41.7028 29.3956 -12.8474 8.34464 -25.2668 24.0765 31.5685 -57.8273 -26.0455 -38.8914 43.8383 
-4.22302e-06 -4.39338e-06 0.00026316 -1.11081e-06 1.58383e-06 5.79797e-06 2.42293e-05 -26.0558 -48.4309 34.2952 15.1436 33.1714 15.2958 -7.6683 -50.6181 -25.1103 -25.6761 6.34471 7.29817 -25.2447 33.4745 12.6959 -0.631632 18.874 32.6801 15.1578 -18.9441 -6.43964 12.0666 -14.9839 -47.318 34.1575 -22.6838 0.866012 1.51683 -4.35529 -1.12165 -25.9582 -27.5472 -9.50634 37.6019 13.349 -26.0034 32.2828 11.7045 1.80568 -24.7554 18.7291 63.9786 10.1455 
2.75054e-06 8.72708e-06 -0.000413677 3.21312e-06 -4.25575e-06 7.81721e-06 -9.28529e-06 20.7749 -49.4403 52.972 67.5714 -43.7363 31.6349 -19.0681 24.3663 18.3092 -54.9743 -38.2145 5.79358 5.97374 -6.12156 15.5612 -29.7817 1.08272 7.78559 20.571 -12.0808 4.07098 11.0435 13.8103 34.1574 6.77033 -3.45054 -23.6659 15.977 7.51528 5.0839 14.9438 -16.428 -1.66086 3.33247 39.2824 -30.6834 -19.8023 5.70168 -26.1698 -17.5381 -7.30748 -14.7966 -35.2151 
7.0766e-08 -1.9474e-05 6.45136e-05 7.63505e-07 -4.96996e-06 6.3124e-06 1.25989e-05 -40.9935 33.8196 32.2583 -22.9253 -28.7312 -8.85571 -18.7046 -9.56435 -12.4528 38.7553 24.8949 -56.4163 -12.6513 32.3182 -23.7586 -11.639 31.0284 -26.9345 -66.928 -16.3177 -15.5377 45.0955 31.3734 -22.6839 -3.45059 -48.2621 27.0875 12.7451 12.6818 53.6714 -46.7128 -23.696 41.7216 8.37589 21.8499 -50.7036 -3.38836 -34.9239 -18.4614 15.6292 -4.13725 -14.0446 -50.366 
-3.80592e-06 -3.50768e-06 4.42363e-05 -2.61979e-06 1.69502e-06 -8.29056e-06 -8.39494e-06 42.1529 -36.6335 8.89221 -26.7251 -11.5851 -0.13107 -24.0017 -2.5478 -12.4191 -5.48102 48.4899 18.3449 19.8823 -21.6122 10.5536 -0.200348 -42.536 -2.22705 10.4514 -13.787 -19.1496 -3.66345 -2.91296 0.865926 -23.6658 27.0875 4.45331 -18.6601 15.6094 -6.01814 40.0157 -14.7576 -33.268 10.9436 13.1579 -17.6254 -12.1747 -12.6899 -32.5646 -1.17804 32.6063 3.31634 30.5589 
-4.92692e-06 1.12285e-06 0.000233126 1.42822e-06 1.03307e-06 -4.33824e-06 9.22196e-06 51.2964 15.9406 -12.5213 9.063 -33.3588 -26.4392 45.9132 -21.5583 -27.8574 17.103 10.9385 39.8908 -20.7391 -5.71765 -30.028 21.1257 41.088 53.1527 15.6327 -4.11902 19.2582 60.4851 -36.2827 1.51681 15.977 12.7451 -18.6601 -28.6063 16.9657 -6.68854 19.8207 -20.2986 -26.8449 4.56982 -31.0974 -49.4272 38.0123 -24.7294 2.44839 -15.7114 35.9683 38.8667 51.1186 
5.31918e-06 -1.15157e-07 -0.000292386 -1.35294e-06 1.52581e-06 1.43916e-05 5.95488e-06 -55.5405 5.91129 -10.0249 40.8056 0.570653 -48.0985 7.07045 36.1061 -27.9298 4.10207 -55.3375 -10.1344 35.6425 43.8997 -37.6105 54.0895 52.1292 -9.36202 2.13389 -23.9166 -1.81427 0.0349758 -41.6767 -4.3554 7.51535 12.6817 15.6095 16.9657 4.26934 39.0101 -31.9529 20.439 -18.1994 -6.07147 33.4021 38.2267 -28.188 -24.3824 -21.2432 -36.4372 25.1862 68.2647 7.57046 
4.38894e-06 -1.0035e-05 0.000172131 4.84245e-06 -7.31873e-07 -2.12554e-05 -9.85153e-06 22.2654 -7.86475 -21.7087 -53.5047 -62.1506 47.2889 12.8314 -28.8873 21.6892 1.77734 24.6863 -23.3877 -12.4643 52.9863 -22.1068 -3.62192 39.4027 -27.7067 41.3824 54.5661 -13.8517 -1.9397 -35.0908 -1.12157 5.0838 53.6715 -6.01817 -6.68849 39.0101 44.6268 20.3758 -21.1951 -28.8799 -8.66238 30.637 84.3758 33.4377 38.4398 -19.3117 -2.88171 41.8067 -24.3833 -22.503 
1.47484e-06 -1.85827e-06 0.000110733 -2.93637e-06 1.02953e-06 -1.10254e-05 4.5551e-06 68.2079 32.3557 -23.4845 -16.5121 7.14045 22.1736 6.69765 17.9493 -26.6512 -43.2057 -59.7255 -44.6363 -1.33482 34.6004 4.82591 -49.7048 -22.8273 -10.0006 12.8942 35.5893 6.69253 -13.0156 -10.7196 -25.9583 14.9438 -46.7129 40.0157 19.8208 -31.9529 20.3758 -43.4757 24.2004 -14.9078 9.82493 10.7794 9.52045 -17.1803 -28.4395 21.7884 -19.4679 39.4291 -20.3174 -37.2538 
-2.94598e-06 1.26349e-05 -0.000117662 -6.20463e-06 3.72231e-07 -5.77505e-07 9.45665e-06 -31.7415 22.3712 6.75368 -1.78741 -11.9807 -15.2033 33.2101 -30.985 -55.2613 -40.369 34.9371 6.10675 -31.4917 76.636 18.0324 -17.2898 46.2913 30.6648 -32.0616 31.3521 27.0685 -23.1416 -17.0463 -27.5471 -16.428 -23.6959 -14.7576 -20.2985 20.4391 -21.1951 24.2004 -55.0771 -56.2892 7.87307 -21.8297 18.3531 11.8134 20.2505 -34.1254 -14.4379 -17.6114 -0.644263 25.7163 
3.54211e-06 -1.50003e-05 -7.0183e-05 5.74648e-06 -1.64356e-07 1.37214e-05 -2.2307e-05 -33.4522 -44.0826 -9.69318 6.32184 -3.05176 25.3605 50.3317 -16.6212 -15.8805 -64.3434 21.4647 -3.24326 -4.40931 -30.8511 22.2046 -24.873 31.1424 5.50301 -38.2985 -17.6304 15.46 -27.1187 41.7027 -9.5062 -1.66094 41.7215 -33.268 -26.8449 -18.1993 -28.88 -14.9079 -56.2891 -12.8661 88.644 40.2802 -16.0529 22.0032 21.6582 -26.6814 7.28484 -36.3212 -4.40764 -45.3804 
-3.89224e-06 -2.4233e-05 -0.000264312 6.02399e-06 -2.62459e-06 -3.84809e-06 -2.63657e-06 18.5899 11.1668 -3.56358 64.4522 -44.7699 16.0875 26.6308 -24.6596 -55.6843 30.205 -60.6363 6.31553 -4.07781 32.9428 33.1413 -44.0988 -38.0035 -24.1312 23.9411 3.57999 15.0375 17.1071 29.3956 37.602 3.33251 8.3759 10.9435 4.56982 -6.07146 -8.66245 9.82488 7.87321 88.6441 18.4071 -22.1273 -28.1605 24.341 36.6892 5.64389 -2.47862 -4.35688 28.6851 -0.18979 
9.58177e-06 -1.50141e-06 -1.91692e-05 -4.6558e-06 1.15367e-06 -3.70935e-06 1.08369e-05 -41.1657 21.6528 -87.4595 -6.81253 -38.9411 -7.87024 1.24901 -55.3077 -38.9864 -91.2226 38.2623 -17.7713 -28.2045 -21.3491 32.3354 9.59097 24.6994 -33.1342 -16.6349 48.9656 -49.2743 2.83798 -12.8474 13.349 39.2824 21.85 13.1579 -31.0973 33.4022 30.637 10.7795 -21.8298 40.2802 -22.1272 2.43947 13.1225 9.42431 -3.26191 -10.3509 -35.4037 -31.5684 -41.7213 -4.19466 
8.33713e-07 -1.88603e-05 6.65688e-05 5.91222e-07 -2.40673e-07 -1.58167e-05 -4.82332e-06 35.2694 -18.7983 -11.1168 34.8617 -30.2273 22.1508 70.4259 0.205494 10.2413 -21.0953 -39.3912 -34.4343 12.567 56.1353 8.14965 -69.0037 -47.2935 36.3135 20.0243 -7.62733 8.85404 45.6672 8.34458 -26.0033 -30.6834 -50.7037 -17.6253 -49.427 38.2268 84.3757 9.52046 18.3531 -16.0528 -28.1605 13.1225 46.2163 -23.5092 6.92509 -9.75909 20.322 -36.3767 4.04488 39.9834 
-1.32617e-07 -6.65638e-06 6.84016e-05 -3.0484e-06 -3.86145e-06 -3.39901e-06 -1.46544e-06 -20.4036 -50.8067 -18.2482 20.2356 33.8196 -26.0203 -32.2545 42.5144 3.17939 -39.4923 82.5365 -3.9586 16.9609 11.0646 5.26065 33.6045 -21.5684 10.272 -18.4397 -38.9483 3.47979 -4.03567 -25.2668 32.2829 -19.8023 -3.38832 -12.1747 38.0123 -28.188 33.4378 -17.1802 11.8133 22.0032 24.3411 9.42431 -23.5092 13.8038 -5.25444 -18.3915 12.3149 -15.5345 -36.9599 -6.27868 
-1.0089e-06 3.13952e-06 -0.000132336 -3.79238e-07 4.46394e-06 -5.58934e-06 -6.10575e-06 -31.7324 14.6151 23.9208 70.7602 -37.2691 -48.7993 5.25772 -45.7547 0.817002 -50.1824 3.91277 3.4479 -20.1546 -26.3837 -32.3329 36.8602 49.7588 43.5643 -8.21713 -13.4429 -10.6773 22.6228 24.0765 11.7045 5.70172 -34.924 -12.6898 -24.7295 -24.3824 38.4397 -28.4396 20.2504 21.6582 36.6893 -3.26185 6.92506 -5.25443 1.85838 25.9952 -45.5264 26.6857 -17.5665 31.9362 
-6.59229e-07 -1.73698e-05 0.000535376 -2.0808e-07 -3.86482e-07 -6.58143e-07 -4.13507e-06 -7.42823 6.42823 5.36643 -35.9097 -16.9802 46.6539 16.2408 -23.0833 -54.3286 41.33 13.5343 26.4974 8.39435 -13.3708 -67.2073 -23.1641 -35.8877 39.6416 -31.8606 25.292 -17.7476 0.228096 31.5683 1.80565 -26.1697 -18.4615 -32.5645 2.44837 -21.2432 -19.3117 21.7883 -34.1254 -26.6813 5.64389 -10.3509 -9.75912 -18.3914 25.9953 9.5149 -17.2438 -18.4601 27.4371 16.2382 
-1.19568e-05 3.02372e-05 7.04239e-05 2.89395e-06 -5.19794e-06 -4.38038e-06 4.79072e-06 -54.9224 -20.067 -30.0698 -2.47349 43.1217 -4.993 17.6106 25.3036 19.1822 -6.35588 -25.0071 19.4895 -23.1539 -17.6611 -21.9989 26.9489 -20.6151 30.6204 -64.5194 31.2579 10.3253 -1.99547 -57.8273 -24.7555 -17.538 15.6292 -1.17803 -15.7114 -36.4371 -2.88163 -19.4679 -14.4379 7.28487 -2.47863 -35.4037 20.322 12.315 -45.5264 -17.2437 -31.7951 -12.5904 -20.1128 50.3908 
-1.0524e-06 -9.04332e-06 0.000221623 5.30187e-07 -1.17003e-07 -8.02734e-07 4.91366e-06 21.63 -21.2498 14.2914 -38.7183 -38.1243 -4.32689 -34.9202 -33.4695 21.1209 -1.82315 5.50967 1.17187 -17.2757 -25.7931 39.9026 43.1976 -12.6726 -41.2736 -25.5236 -36.2643 -35.2164 19.5061 -26.0456 18.7291 -7.30754 -4.13718 32.6063 35.9683 25.1862 41.8067 39.429 -17.6115 -36.3212 -4.35689 -31.5682 -36.3767 -15.5345 26.6858 -18.46 -12.5905 -17.9757 -3.38034 -3.2557 
1.03737e-06 3.05511e-05 0.000328138 2.0576e-07 -2.59293e-06 -1.19544e-05 -1.23493e-06 -30.927 0.811319 35.3109 9.4868 -3.28674 -22.2045 50.3031 -14.2957 11.0802 14.6447 -3.85784 -19.798 -32.4503 -12.0125 33.6718 19.9525 -37.249 38.5164 -15.5954 -72.069 2.88745 10.1665 -38.8914 63.9785 -14.7966 -14.0447 3.31631 38.8667 68.2646 -24.3832 -20.3174 -0.644256 -4.40756 28.685 -41.7214 4.04482 -36.9599 -17.5665 27.4371 -20.1129 -3.38033 -42.0239 -23.1069 
8.95064e-07 -9.62746e-07 0.000103503 -3.78944e-07 2.7615e-06 3.87519e-06 -1.90735e-06 31.6195 -1.79321 61.0602 52.7902 14.6309 18.039 22.045 11.9345 -23.2367 -35.1166 -11.3596 -7.84992 40.4271 -4.93197 12.0049 -4.06912 44.5382 2.95665 -23.2591 43.3517 -9.2648 -24.6148 43.8383 10.1456 -35.215 -50.366 30.5589 51.1185 7.57042 -22.5031 -37.2538 25.7163 -45.3805 -0.189751 -4.19462 39.9834 -6.27867 31.9362 16.2381 50.3907 -3.25572 -23.1069 -10.5303 
