83 397.218 1.86018e-08 -7.7671e-06 -1.7268e-06 4.97796e-07 3.38268e-07 6.70838e-06 -2.67135e-06 5.56719e-06 6.55435e-06 -9.8541e-07 -1.44604e-05 -3.31827e-06 -1.23389e-05 -8.04847e-07 -3.56407e-06 -3.46737e-06 -7.9569e-07 -9.67782e-07 -9.5945e-08 -6.21272e-09 4.54991e-06 -2.52309e-06 2.84681e-07 -2.52375e-06 -2.13549e-07 7.80879e-07 4.325e-06 -9.4064e-07 -3.3335e-06 2.0413e-06 1.47025e-06 -5.24498e-06 -6.67813e-06 7.21528e-06 3.62882e-06 -8.53722e-07 -1.86236e-06 4.68414e-06 -4.52688e-06 1.09871e-05 -3.70354e-07 5.63946e-07 7.44138e-08 -4.05636e-07 -1.00818e-05 -1.79083e-06 2.09319e-06 -1.84397e-07 
397.218 1917.54 1069.69 0.000348791 -0.000157406 0.000506774 0.000109164 6.01033e-05 -6.82114e-05 0.00069425 0.000137795 -0.000164035 -6.94185e-05 8.37277e-05 -9.94929e-05 0.000334775 3.38166e-05 -6.60104e-05 -0.000179074 3.10276e-05 1.82552e-05 -3.41591e-05 9.08416e-05 -0.000280034 0.000140181 4.00517e-05 -6.84455e-05 0.000326155 3.52986e-05 0.00024597 -5.61214e-05 -0.000642576 0.000399821 0.000344882 0.000128449 -0.000227261 0.000144642 0.000240747 -5.26743e-05 -0.000185369 0.000368754 0.000249027 -0.000183676 6.03379e-05 -0.000377688 -4.06248e-05 0.000260531 -1.47435e-06 -9.08476e-05 0.000537248 
1.86018e-08 1069.69 536.677 167.012 -0.00015178 -0.000285773 -5.79214e-05 0.000379222 6.0855e-06 0.00048678 0.000242206 -5.46968e-05 0.000160702 6.69693e-05 -6.78607e-05 -0.000269737 -0.000147677 3.68407e-05 0.000241768 1.72986e-05 0.000313804 -0.000211887 -0.000433711 -0.000108398 0.000335833 -0.000125498 -3.66923e-05 -0.000494372 -5.88926e-05 -4.1834e-05 0.000314555 -0.000215061 -3.55531e-05 2.72081e-05 0.000212024 -0.00029164 0.000224765 6.83431e-05 -0.000203503 2.91903e-05 -0.000217273 2.82249e-05 1.91423e-05 5.81752e-05 -0.000198488 0.000449308 0.000271912 0.000132865 0.000417698 0.000132138 
-7.7671e-06 2.20439e-05 167.012 -12.9172 186.184 9.77807e-06 -1.04601e-05 -6.24357e-05 6.47714e-05 -2.97872e-05 5.95791e-06 -1.6494e-05 5.2447e-05 5.05343e-05 -9.52909e-05 -1.63127e-05 -2.98894e-05 8.00508e-05 2.43259e-05 2.73003e-05 5.51764e-05 1.14054e-05 -2.0441e-05 4.90481e-05 -1.71588e-05 -0.000169496 1.02911e-05 5.18188e-05 -4.2374e-06 -2.19267e-06 1.56562e-06 2.86093e-05 2.31004e-05 -1.02136e-05 -4.17617e-05 5.25591e-05 1.55889e-05 6.35886e-05 8.19872e-06 -9.49028e-05 5.93252e-05 4.80439e-05 -3.4325e-05 -3.65188e-05 -3.56896e-05 1.17303e-06 -1.17162e-05 1.80737e-05 -5.18784e-05 -3.19821e-05 
-1.7268e-06 -4.9581e-06 -0.000161305 186.184 -26.8823 182.229 1.8717e-05 4.48487e-05 -1.2219e-05 0.000143642 -7.02182e-06 -1.43162e-05 -5.83689e-05 5.84521e-05 7.59246e-05 -6.47745e-05 -4.83236e-05 -1.99953e-05 5.70088e-05 8.2732e-05 5.23732e-05 -8.47591e-05 -3.3028e-05 8.08806e-06 -2.75515e-05 9.04408e-05 4.68907e-05 -4.44674e-05 -9.41712e-05 5.02899e-05 9.73345e-05 -5.26532e-06 6.52903e-05 -6.9551e-05 1.21084e-05 -4.138e-05 -6.51578e-06 -7.89383e-05 0.000159627 -7.87733e-05 -7.43916e-05 -7.50208e-05 6.31146e-05 4.35306e-05 2.15838e-07 -8.75604e-05 0.000161655 8.15419e-05 -5.338e-05 0.000127792 
4.97796e-07 -2.91559e-06 -0.000276778 2.87762e-06 182.229 40.7621 191.064 2.57784e-05 -5.62843e-05 -9.07469e-05 7.73452e-05 -4.05547e-05 -1.90968e-06 4.94184e-05 -1.60667e-05 8.65928e-05 1.78496e-06 -3.27568e-05 -1.86074e-05 -2.88106e-05 9.35024e-05 4.16474e-05 8.13817e-05 4.64592e-05 -6.99267e-06 6.32615e-05 -8.49106e-05 -2.00064e-05 -2.67144e-05 1.4855e-05 1.23821e-05 -3.38957e-05 -1.53937e-05 -2.4754e-05 -5.83899e-05 4.65432e-05 -1.5852e-05 -0.000131031 8.10232e-05 0.000167812 -4.9098e-05 -6.65074e-05 -0.000101002 -5.33031e-05 5.40794e-06 -0.0001263 -4.87616e-05 1.17746e-05 -6.7515e-05 1.54249e-05 
3.38268e-07 2.2668e-06 -0.000126822 -4.35033e-07 -2.45609e-07 191.064 26.988 164.261 -9.37392e-06 3.08729e-06 2.80504e-05 -6.62072e-05 -5.15095e-05 2.69242e-05 -9.34224e-06 -4.70382e-05 2.07066e-05 0.000155481 3.60042e-07 -2.27833e-05 1.46548e-06 -1.22553e-05 -6.09024e-05 7.28929e-06 0.000196178 -0.000100776 3.76847e-05 -1.27986e-05 -5.06709e-05 -8.85594e-05 0.000116541 4.29104e-05 4.01974e-05 -6.93901e-06 -2.33418e-05 -1.82087e-05 -2.48052e-05 7.89807e-05 0.000233255 1.41817e-05 -1.29145e-05 -3.91053e-05 -1.3681e-07 4.94523e-05 1.46412e-05 -1.95812e-06 -0.000111594 -4.35852e-05 -4.2659e-05 2.82523e-05 
6.70838e-06 4.39495e-06 0.000372263 2.14442e-06 -4.50525e-06 8.32657e-07 164.26 9.26334 216.691 -3.53158e-05 -1.15931e-05 -0.000100911 -1.00732e-05 4.28557e-05 2.98023e-07 5.17368e-05 4.59105e-05 -0.000187576 4.96507e-05 -3.88622e-05 4.27365e-05 2.31862e-05 1.99676e-05 0.000111789 -0.000125885 0.000108216 -3.32594e-05 -3.36766e-05 3.55244e-05 0.000108361 -4.79817e-05 4.24385e-05 -2.72393e-05 -0.000111818 -8.55923e-05 -6.2108e-05 6.61612e-05 -2.18153e-05 8.92878e-05 3.32594e-05 8.13305e-05 0.000176609 -7.80225e-05 8.55327e-06 -2.49147e-05 9.61125e-05 9.25064e-05 3.15607e-05 -1.01924e-05 6.48499e-05 
-2.67135e-06 -2.02349e-05 2.32265e-05 1.88302e-06 2.2789e-06 -1.79306e-05 -1.09689e-05 216.691 62.7428 22.9308 -2.65922 -30.9656 50.1476 -4.8848 28.2971 23.6607 21.7664 -61.6744 49.1088 18.9224 9.91882 1.21041 -81.446 -51.3578 -0.0314528 53.4407 12.8886 36.0349 -12.6539 -13.818 -6.06251 -4.17538 29.6058 1.84709 -30.9908 29.9688 17.011 13.0782 17.0003 -16.343 -19.1146 17.7236 18.354 8.53109 4.53009 -1.65478 18.1342 45.7974 13.7718 -16.3005 
5.56719e-06 1.97154e-06 0.000459705 1.66144e-06 5.47331e-06 3.31264e-06 -1.04963e-05 -4.52995e-06 22.9309 12.9361 -9.89925 -15.2666 14.7306 4.92801 -15.0725 -11.662 4.53664 22.627 9.79495 3.15547 57.5377 -47.7501 16.9175 20.9841 -18.0241 11.3066 24.7278 40.16 9.6121 57.3841 36.1352 55.7999 31.3021 11.7311 -14.1615 -9.70315 -19.9619 -23.3218 5.89865 -8.77929 -4.87925 -88.4033 -8.47217 -15.3857 22.8097 4.79538 -28.9685 18.3185 35.4665 60.8329 
6.55435e-06 -6.24266e-06 0.000234567 4.07287e-06 -5.64889e-07 7.86381e-06 -1.41223e-05 -4.55976e-06 -2.65918 -9.89922 6.79203 -46.6763 -12.7745 -3.11332 -11.0038 -13.1775 7.12012 -21.0393 -23.9454 10.7522 24.9518 10.6527 19.8261 -16.6014 32.153 -37.1613 -57.0674 -65.1288 6.61347 21.1783 11.8331 77.4541 -34.6278 -11.5628 18.9231 27.6779 -45.079 0.550515 -11.0419 -0.370773 66.809 -18.5365 48.0022 20.0401 61.0759 -38.701 -14.1345 -26.6042 2.13667 60.1895 
-9.8541e-07 5.81817e-06 -9.58716e-05 -1.05468e-06 -7.46253e-07 3.68422e-06 -4.31168e-06 -4.88758e-06 -30.9657 -15.2665 -46.6763 -53.6931 -4.27462 -5.10317 -30.9906 -1.69382 -10.2602 -28.4081 -25.5536 -2.51715 -17.9144 -7.26765 11.4994 -33.9409 -3.62335 -39.2072 39.1265 6.7221 17.2856 10.1133 36.0137 -32.1414 -36.6873 2.58403 -32.5573 -4.98916 -53.8687 15.7686 -18.511 -4.07699 -46.8068 -46.8775 -17.503 40.6325 -44.6241 -19.7055 40.1512 -22.5588 -6.45903 17.654 
-1.44604e-05 -5.69233e-06 0.000161987 -9.02296e-07 1.37128e-07 4.86349e-06 7.97415e-07 1.49608e-05 50.1476 14.7306 -12.7744 -4.27461 -21.0805 15.8025 -11.4886 40.2117 -22.6589 27.1488 -0.938152 -53.437 -36.1597 6.84076 -24.4227 16.5335 -41.28 5.54038 -29.1094 -0.318086 -34.5997 21.4998 13.2899 20.6418 -0.721295 -13.9355 -28.3015 -41.8194 39.2726 12.8268 -8.5689 27.0316 17.5271 0.250169 9.81112 -31.7585 -41.4156 49.2939 -1.07974 -18.9457 -18.6387 14.5937 
-3.31827e-06 -1.18153e-06 5.85961e-05 -1.16057e-06 3.08735e-06 1.71232e-06 -4.34839e-06 1.32322e-05 -4.88462 4.92802 -3.11327 -5.10309 15.8027 -24.8357 -34.3451 8.69248 11.6983 23.3203 -27.4423 26.1007 -19.7776 37.8797 54.2602 -42.5496 24.1662 -32.2254 -22.8326 2.09556 -3.31251 -24.0861 -14.1031 -25.8698 -18.1301 -29.7472 53.075 3.35539 9.10972 9.71009 33.9732 46.0941 31.2299 1.78038 64.8706 -41.2424 6.73243 17.4499 11.7615 -45.0087 48.2999 24.2825 
-1.23389e-05 2.65551e-06 -0.000166023 1.00537e-06 1.87817e-07 1.01814e-05 -7.32243e-06 1.16825e-05 28.2969 -15.0725 -11.0038 -30.9905 -11.4885 -34.3451 6.28049 16.8169 4.62843 6.34497 7.45039 31.3246 43.1537 3.05317 -6.70197 -8.75884 -12.0607 4.45172 43.1841 -4.6003 11.3058 2.10491 -54.1138 16.203 -5.2461 -11.7188 -19.7297 37.8331 -34.3619 14.4062 -27.3493 -17.4165 -22.1585 -51.0133 -8.15442 36.153 -41.4668 -21.2869 25.0148 -44.7285 -13.2738 11.0637 
-8.04847e-07 3.3408e-06 -0.000190377 2.3166e-06 -2.51606e-06 7.60246e-06 -2.64189e-06 1.21593e-05 23.6607 -11.6621 -13.1775 -1.69389 40.2116 8.69249 16.8168 21.0396 -25.834 13.1398 41.3624 -23.1872 13.7131 -43.8099 41.8171 33.6562 -2.35635 -11.3655 -22.979 -1.95416 55.303 -64.6708 -29.9343 8.94968 -8.20223 -22.4948 -24.4547 -27.1439 15.6069 -29.3318 -51.6179 -17.6205 -52.2336 -34.7683 0.983181 -4.96878 5.24735 -52.3358 17.5518 8.04833 11.5907 -23.5489 
-3.56407e-06 -4.69394e-06 -0.000120642 -1.30312e-06 -3.44911e-06 3.35784e-06 -5.69043e-06 -4.39584e-06 21.7665 4.53662 7.12012 -10.2601 -22.6587 11.6983 4.62845 -25.8341 -50.1642 12.9485 -28.8457 10.9046 -0.612992 -65.7738 9.5675 24.8552 -41.0354 27.9001 3.69963 -18.1875 -28.9366 12.2671 -22.8681 -53.3669 39.7241 -4.8158 13.3502 6.86337 2.35007 -46.097 -39.7214 -62.0354 28.1991 -90.2353 -20.2976 -36.0206 -49.7645 41.1494 -2.92411 0.81993 16.1611 -36.7282 
-3.46737e-06 -2.53483e-05 4.12967e-05 3.28192e-06 1.29153e-06 -6.86412e-06 1.31169e-05 2.35438e-06 -61.6744 22.6269 -21.0392 -28.4081 27.1488 23.3203 6.34499 13.1398 12.9485 -6.27452 -0.615554 -31.3268 -24.435 -43.2126 -28.35 20.1422 -24.7755 13.0952 18.3312 -32.2611 -35.6718 41.9326 -5.09673 -33.3857 10.7439 61.1862 31.4819 -76.127 31.1454 -34.7522 24.0942 8.22332 -52.4706 24.0354 -29.0374 72.1557 -6.67083 11.3678 -46.3481 9.45519 -15.4106 0.520108 
-7.9569e-07 -6.88319e-06 0.000359732 -1.29933e-06 3.70641e-07 5.87586e-06 7.5272e-06 -6.94394e-06 49.1087 9.79499 -23.9453 -25.5537 -0.938155 -27.4423 7.45043 41.3623 -28.8457 -0.615602 2.60861 20.3793 16.43 -26.3745 19.0344 -12.0295 -31.038 -11.1882 -19.5844 -82.743 -0.00629534 -3.56259 11.0466 7.95346 -55.1353 19.2517 34.8875 -6.45983 -22.6123 -48.4804 6.96137 -0.167128 3.63775 -16.4652 -33.353 0.680585 3.99517 26.2529 24.0617 4.71809 -17.7801 -9.9947 
-9.67782e-07 -6.37237e-06 4.96016e-05 1.62629e-07 -9.96887e-07 -1.92523e-05 6.53908e-07 1.20401e-05 18.9224 3.15549 10.7521 -2.51718 -53.437 26.1007 31.3245 -23.1872 10.9047 -31.3269 20.3793 -88.4367 -4.57176 -41.9164 11.653 -13.5621 -25.1149 -65.4708 -4.71377 14.2821 30.8225 11.856 -25.4856 -11.4533 2.76672 -3.58316 -28.3958 49.8968 -25.873 -21.1287 -19.0835 1.22271 -3.8941 -12.7889 -8.17113 10.9411 -6.69902 12.8197 -12.2705 -39.8601 -24.416 32.4929 
-9.5945e-08 1.46639e-06 0.000175381 -1.14326e-06 5.73677e-07 1.18899e-05 3.1293e-06 1.14441e-05 9.91889 57.5379 24.9518 -17.9144 -36.1597 -19.7776 43.1538 13.7131 -0.612993 -24.435 16.43 -4.57177 29.4527 -37.77 -17.0887 -22.7374 -7.34694 -36.3975 -26.7833 18.5979 6.09033 -3.71089 30.2933 -18.3814 40.5793 -36.4988 -6.28309 49.5206 44.2714 25.7759 83.4273 -29.9458 35.2225 -13.11 42.7522 3.67659 -18.7118 -10.5036 -14.8007 -42.2861 -8.80107 -7.98 
-6.21272e-09 1.82998e-06 -0.000292768 1.48076e-06 1.93488e-06 2.50659e-06 -2.35438e-06 9.71556e-06 1.21041 -47.7499 10.6527 -7.2677 6.84082 37.8796 3.05307 -43.81 -65.7736 -43.2125 -26.3745 -41.9164 -37.7699 -62.6699 31.2676 -37.737 6.22022 -8.96938 -39.3924 -29.3475 21.5677 -22.3214 6.7817 9.23678 -23.1651 5.17413 -23.4795 -40.9639 -25.5838 7.51015 18.7863 18.3343 37.3684 32.8891 2.95665 -3.02439 -30.9202 -66.0778 -27.3277 30.5358 31.8654 14.0272 
4.54991e-06 4.28903e-06 -0.000417774 2.02837e-06 3.71501e-07 8.03742e-06 -7.04396e-06 3.46452e-07 -81.4463 16.9175 19.8261 11.4994 -24.4228 54.2603 -6.70203 41.8171 9.56754 -28.3499 19.0343 11.653 -17.0887 31.2677 -48.6892 -32.1704 30.9663 5.35697 0.672875 10.4959 -45.4514 25.2076 -6.55012 -25.3598 -20.6841 8.97231 32.6403 41.7227 1.20603 -34.5561 -24.2855 -32.3712 -39.8761 0.506659 -61.3475 28.8718 29.8843 -24.7757 14.6655 47.7265 13.0679 2.97436 
-2.52309e-06 -6.97319e-06 -0.000124523 -1.921e-06 -8.00119e-08 1.47138e-06 1.21998e-06 -1.13994e-06 -51.3578 20.9841 -16.6014 -33.9408 16.5334 -42.5496 -8.75886 33.6562 24.8551 20.1423 -12.0294 -13.5621 -22.7375 -37.7371 -32.1703 47.6883 -34.3952 29.0717 -27.5262 44.789 -33.1872 16.3193 16.9122 4.41583 26.3559 -36.9672 45.7665 46.4647 42.4459 -15.6412 42.626 28.0271 -36.6052 20.0141 -42.5232 -22.5193 45.9891 -36.8982 -25.8938 -8.75646 -40.4127 47.745 
2.84681e-07 1.40509e-05 0.000289472 -4.57709e-07 2.67332e-06 -7.38001e-06 8.35758e-06 -9.53674e-06 -0.0313829 -18.024 32.153 -3.62342 -41.2801 24.1663 -12.0607 -2.35626 -41.0353 -24.7754 -31.038 -25.1149 -7.34692 6.22026 30.9664 -34.3951 -39.3831 39.4967 5.07341 -15.208 11.306 12.4638 40.7322 22.5191 -33.2325 13.3874 47.0628 -9.92879 -18.2415 -6.55687 25.224 8.7075 -29.8903 -39.3775 50.7044 23.5783 36.8634 36.5416 33.9166 -20.6029 38.0843 3.06225 
-2.52375e-06 6.48454e-06 -0.000242321 -3.25099e-06 -1.56566e-06 1.10561e-05 2.65448e-06 6.07222e-07 53.4407 11.3066 -37.1614 -39.2072 5.54047 -32.2253 4.45178 -11.3655 27.9 13.095 -11.1881 -65.4706 -36.3975 -8.96934 5.35696 29.0717 39.4967 -69.9052 4.28616 -46.7565 -68.5198 -27.5443 24.5841 12.1945 -51.3259 -5.96362 -3.32233 22.9486 32.6624 -12.7794 -19.958 -25.906 17.2162 -0.970621 6.23587 -11.3428 3.93439 -28.9537 -44.0935 -34.4615 -4.00044 -35.1003 
-2.13549e-07 -4.95676e-06 -8.50432e-06 2.8502e-06 -1.28531e-06 -1.88323e-05 -5.84138e-06 -1.74642e-05 12.8885 24.7277 -57.0673 39.1264 -29.1092 -22.8325 43.1839 -22.979 3.69968 18.3313 -19.5844 -4.71377 -26.7833 -39.3924 0.672928 -27.5262 5.07335 4.28608 46.7787 41.2035 16.1743 -3.12482 -6.40385 -5.0634 -11.8445 -11.0358 -20.9544 -11.4482 56.9988 22.4873 34.3619 -7.26831 -5.37856 53.5227 -4.2587 -23.4968 -11.449 24.5269 46.6899 -24.67 -65.2196 36.0789 
7.80879e-07 -3.7246e-05 -0.00047861 8.60235e-07 -1.82061e-06 -2.7059e-06 -9.21667e-06 -8.04663e-06 36.0349 40.16 -65.1289 6.72198 -0.318025 2.09558 -4.60026 -1.9541 -18.1876 -32.2611 -82.7431 14.2821 18.5979 -29.3475 10.496 44.789 -15.2079 -46.7565 41.2035 14.7792 1.40292 -6.07025 6.57596 4.94206 -5.14574 -24.9762 -1.1746 16.5014 -16.2817 -14.3395 34.8152 28.3771 5.7437 -38.7956 4.6843 17.3948 -3.60396 -16.9061 30.4881 -31.4748 13.0243 -19.8075 
4.325e-06 6.0935e-06 -7.98579e-05 2.06952e-06 -4.14147e-07 5.18231e-06 -6.02859e-06 1.63317e-05 -12.6538 9.61207 6.61347 17.2856 -34.5996 -3.31249 11.3057 55.3031 -28.9366 -35.6718 -0.00625315 30.8226 6.09033 21.5678 -45.4514 -33.1871 11.3059 -68.5197 16.1743 1.40285 -35.6971 -54.3428 1.65003 1.74291 44.4925 -10.6491 72.8673 -7.4121 -6.64301 -6.15693 -23.139 -34.5551 24.5509 2.16499 38.7184 -18.0194 23.6757 1.74909 -12.5695 5.38603 6.11679 -20.1945 
-9.4064e-07 -5.77733e-06 -3.74953e-05 5.42123e-07 -1.67211e-06 -6.122e-06 -2.83859e-06 6.76513e-06 -13.818 57.3842 21.1782 10.1132 21.4998 -24.086 2.1049 -64.671 12.2671 41.9326 -3.56263 11.856 -3.71093 -22.3214 25.2076 16.3194 12.4638 -27.5443 -3.12486 -6.07025 -54.3427 -2.29088 -17.1269 7.86056 34.8682 -9.81496 -35.598 -39.8258 -39.1774 -13.9874 -14.136 41.534 30.9298 -9.36729 2.08965 -29.4796 27.4428 32.9109 -57.3933 -34.1699 -37.8186 42.8631 
-3.3335e-06 -6.68733e-06 0.000268281 -9.59789e-07 1.65056e-06 2.30333e-06 2.31455e-05 -7.21216e-06 -6.06257 36.1353 11.833 36.0136 13.2899 -14.1031 -54.1138 -29.9343 -22.8682 -5.09669 11.0465 -25.4857 30.2933 6.78165 -6.55009 16.9122 40.7323 24.5842 -6.40378 6.576 1.64998 -17.1269 -37.0712 35.978 -15.5199 -2.18462 -14.0456 9.11297 -2.15791 -41.2007 -22.2666 0.280229 30.2845 20.5812 -27.9295 43.6133 16.3876 2.17872 -9.61551 23.1421 71.4232 2.37545 
2.0413e-06 1.05561e-05 -0.00041776 3.09271e-06 -4.30895e-06 1.06036e-05 -8.42112e-06 5.03659e-06 -4.17547 55.8002 77.454 -32.1413 20.6418 -25.8698 16.2029 8.94969 -53.3668 -33.3857 7.95348 -11.4532 -18.3813 9.23681 -25.3598 4.41582 22.5192 12.1946 -5.06341 4.94203 1.74294 7.86062 35.9779 -2.64691 6.55561 -37.3962 8.71676 18.0726 -2.62705 0.944048 -8.46778 3.36258 2.03896 49.3001 -42.671 -21.013 14.1348 -23.619 -8.55064 -19.1196 -8.87401 -41.1436 
1.47025e-06 -2.3083e-05 7.25705e-05 1.0011e-06 -4.86498e-06 8.14304e-07 1.08937e-05 -1.32322e-05 29.6057 31.302 -34.6278 -36.6873 -0.721301 -18.1301 -5.24607 -8.20219 39.7242 10.7439 -55.1352 2.76669 40.5793 -23.1651 -20.6841 26.3559 -33.2324 -51.326 -11.8445 -5.14571 44.4925 34.8681 -15.52 6.5556 -51.0838 36.7792 5.89528 14.7778 59.6953 -47.2452 -26.3 45.6187 3.25413 19.0764 -41.6092 7.42342 -38.4648 -20.4282 20.5676 10.2417 -12.9641 -51.7206 
-5.24498e-06 2.03458e-07 3.59515e-05 -2.86411e-06 1.58708e-06 -2.63697e-06 -6.64153e-06 1.26362e-05 1.84716 11.7312 -11.5627 2.58401 -13.9354 -29.7472 -11.7188 -22.4948 -4.81576 61.1862 19.2517 -3.58312 -36.4989 5.17412 8.97227 -36.9671 13.3873 -5.9636 -11.0358 -24.9761 -10.649 -9.81494 -2.18465 -37.3961 36.7792 -12.4946 -20.1133 22.6538 -15.9005 29.2652 -6.8222 -31.7343 13.131 22.8284 -32.8191 -19.9127 -3.79258 -29.3118 2.84125 14.2379 7.32802 26.7144 
-6.67813e-06 5.63898e-06 0.000223045 1.13091e-06 9.01714e-07 2.54169e-06 1.13557e-05 1.5378e-05 -30.9909 -14.1615 18.9232 -32.5574 -28.3016 53.0748 -19.7297 -24.4548 13.3503 31.4819 34.8875 -28.3959 -6.28306 -23.4795 32.6403 45.7665 47.0628 -3.32233 -20.9544 -1.17459 72.8673 -35.598 -14.0456 8.71672 5.89531 -20.1133 -7.0453 0.278535 -8.58831 37.7591 -25.078 -40.1925 15.6863 -38.0512 -51.8761 19.3164 -28.334 3.02842 -35.7988 23.4529 29.683 60.8205 
7.21528e-06 -5.00494e-06 -0.00028147 -1.03103e-06 1.66804e-06 6.94241e-06 3.64458e-06 -1.51396e-05 29.969 -9.70304 27.6779 -4.98906 -41.8195 3.35537 37.8331 -27.1438 6.86332 -76.127 -6.45984 49.8967 49.5204 -40.9639 41.7227 46.4648 -9.92875 22.9485 -11.4482 16.5014 -7.41209 -39.8257 9.11285 18.0727 14.7777 22.6539 0.278476 15.1286 43.957 -42.5228 21.494 -8.08922 -15.6949 35.5884 45.4559 -10.5934 -24.5981 -22.8354 -21.8161 41.5444 74.1941 1.1697 
3.62882e-06 -8.07479e-06 0.000167755 4.7134e-06 -7.8889e-07 -1.82691e-05 -8.92537e-06 7.95722e-06 17.011 -19.9619 -45.0789 -53.8686 39.2726 9.10975 -34.3619 15.6069 2.35014 31.1454 -22.6124 -25.873 44.2714 -25.5838 1.20601 42.4459 -18.2414 32.6624 56.9988 -16.2817 -6.64297 -39.1773 -2.15784 -2.62716 59.6954 -15.9005 -8.58826 43.9569 38.9154 13.1919 -16.303 -27.3315 -7.91729 36.6536 75.5721 29.8008 43.8398 -17.4297 0.453501 31.627 -21.5817 -25.2316 
-8.53722e-07 4.14675e-06 9.73272e-05 -3.3317e-06 8.54862e-07 -1.87733e-06 7.39232e-06 2.39611e-05 13.0783 -23.3218 0.550504 15.7686 12.8269 9.71014 14.4062 -29.3318 -46.0971 -34.7521 -48.4802 -21.1287 25.7759 7.51008 -34.556 -15.6412 -6.55696 -12.7795 22.4873 -14.3394 -6.15683 -13.9874 -41.2006 0.943944 -47.2453 29.2653 37.7591 -42.5228 13.1919 -33.892 24.4856 -25.6578 20.7174 10.1447 -1.114 -37.7715 -26.5942 24.1136 -34.6884 18.2626 -26.0589 -30.9679 
-1.86236e-06 9.84034e-06 -0.000111424 -6.02066e-06 4.53514e-07 -4.83472e-06 8.13631e-06 -8.46386e-06 17.0002 5.89865 -11.0419 -18.5109 -8.56895 33.9732 -27.3493 -51.6178 -39.7214 24.0944 6.96141 -19.0836 83.4272 18.7864 -24.2856 42.6262 25.2241 -19.9579 34.3619 34.8151 -23.139 -14.1361 -22.2665 -8.46768 -26.3 -6.82222 -25.0778 21.4941 -16.303 24.4857 -57.418 -53.6137 4.09736 -24.3981 25.7557 19.9764 17.1841 -35.7242 -11.1757 -6.25656 -0.123879 24.9908 
4.68414e-06 -1.79454e-05 -6.36083e-05 5.94037e-06 -7.86919e-08 9.23478e-06 -2.36985e-05 -1.23978e-05 -16.3429 -8.77931 -0.370931 -4.07698 27.0316 46.094 -17.4166 -17.6206 -62.0355 8.22338 -0.167072 1.22277 -29.9459 18.3344 -32.3713 28.0272 8.70747 -25.906 -7.26839 28.3771 -34.5552 41.5339 0.280367 3.36255 45.6186 -31.7344 -40.1924 -8.08917 -27.3316 -25.6579 -53.6136 -4.62672 81.653 44.2429 -13.9655 33.9118 23.5677 -27.1629 19.621 -27.8587 1.1514 -51.2678 
-4.52688e-06 -2.25963e-05 -0.000267966 5.91625e-06 -2.6722e-06 -1.3548e-06 -1.8633e-06 7.30157e-06 -19.1146 -4.87927 66.8094 -46.807 17.5271 31.2298 -22.1581 -52.2337 28.1991 -52.4704 3.63778 -3.89404 35.2225 37.3683 -39.876 -36.6051 -29.8903 17.2163 -5.37852 5.74372 24.5508 30.9297 30.2846 2.03897 3.25416 13.1309 15.6863 -15.6949 -7.91737 20.7173 4.09749 81.6531 23.6327 -27.2978 -26.7772 16.2519 33.3398 5.37582 -13.2945 -7.49984 23.3657 5.36203 
1.09871e-05 -5.12563e-06 -1.10785e-05 -4.4172e-06 1.25908e-06 -9.23055e-06 9.12451e-06 -8.70228e-06 17.7236 -88.4034 -18.5364 -46.8776 0.250172 1.7803 -51.0132 -34.7684 -90.235 24.0354 -16.4651 -12.7891 -13.1099 32.8892 0.506705 20.0141 -39.3776 -0.970628 53.5227 -38.7956 2.16503 -9.36721 20.5812 49.3002 19.0765 22.8284 -38.0512 35.5884 36.6536 10.1448 -24.3982 44.2427 -27.2977 -0.285246 22.2035 20.3115 -6.77124 -12.315 -30.3641 -17.1608 -40.5909 -5.60127 
-3.70354e-07 -1.57552e-05 5.96369e-05 3.86802e-07 -3.3099e-07 -1.10863e-05 -3.35623e-06 8.82149e-06 18.354 -8.47213 48.0021 -17.503 9.81119 64.8706 -8.15446 0.983058 -20.2976 -29.0374 -33.3529 -8.17115 42.7521 2.95652 -61.3476 -42.5232 50.7043 6.23585 -4.25867 4.6842 38.7186 2.08957 -27.9294 -42.671 -41.6092 -32.819 -51.876 45.456 75.5718 -1.11403 25.7556 -13.9655 -26.7772 22.2034 32.656 -29.493 15.1323 -6.85892 25.0051 -52.2655 8.14487 36.0066 
5.63946e-07 -8.45272e-06 7.24117e-05 -2.93014e-06 -3.80921e-06 -6.13557e-06 -2.31416e-06 -6.10948e-06 8.53113 -15.3857 20.0402 40.6326 -31.7585 -41.2425 36.1528 -4.96864 -36.0207 72.156 0.680525 10.9412 3.67662 -3.02434 28.8716 -22.5192 23.5783 -11.3428 -23.4968 17.3948 -18.0193 -29.4795 43.6133 -21.0129 7.42343 -19.9126 19.3165 -10.5935 29.801 -37.7715 19.9763 33.9118 16.252 20.3114 -29.493 25.2655 2.43949 -17.1567 31.1399 -14.8236 -27.2057 -16.3756 
7.44138e-08 3.45801e-07 -0.000126099 -1.95318e-07 4.54519e-06 -9.84533e-06 -7.42571e-06 -1.13249e-05 4.53004 22.8097 61.0763 -44.6244 -41.4157 6.73242 -41.4667 5.24725 -49.7644 -6.67065 3.99518 -6.69892 -18.7117 -30.9205 29.8842 45.9893 36.8632 3.93443 -11.4491 -3.60398 23.6756 27.4428 16.3876 14.1349 -38.465 -3.79253 -28.334 -24.5981 43.8397 -26.5943 17.1841 23.5677 33.3398 -6.77119 15.1322 2.43951 -1.93289 24.2269 -43.5215 38.5321 -17.7537 31.9342 
-4.05636e-07 -1.80237e-05 0.000536836 -1.65026e-07 -3.6746e-07 -1.65443e-06 -4.44406e-06 -1.80304e-06 -1.65483 4.7954 -38.7009 -19.7055 49.294 17.4499 -21.2868 -52.3356 41.1494 11.3677 26.2528 12.8197 -10.5037 -66.0775 -24.7757 -36.8981 36.5416 -28.9538 24.5269 -16.9061 1.74909 32.9107 2.17868 -23.619 -20.4282 -29.3117 3.02842 -22.8353 -17.4296 24.1135 -35.7242 -27.1628 5.37583 -12.315 -6.85894 -17.1567 24.227 8.89478 -18.2989 -15.0866 26.5348 17.1154 
-1.00818e-05 2.54019e-05 8.12183e-05 3.21228e-06 -5.05729e-06 -1.17466e-05 2.50614e-06 -8.58307e-06 18.1342 -28.9683 -14.1346 40.151 -1.0797 11.7615 25.0149 17.5518 -2.9241 -46.3481 24.0618 -12.2705 -14.8005 -27.3277 14.6656 -25.8939 33.9167 -44.0933 46.6898 30.488 -12.5695 -57.3932 -9.61568 -8.5505 20.5675 2.84129 -35.7988 -21.8162 0.453621 -34.6882 -11.1757 19.621 -13.2945 -30.364 25.0052 31.14 -43.5215 -18.2989 -13.4974 2.07376 -12.0873 41.8509 
-1.79083e-06 -7.13901e-06 0.000217372 4.0482e-07 -1.72393e-07 2.09831e-06 5.81339e-06 7.36117e-06 45.7974 18.3185 -26.6038 -22.559 -18.9457 -45.0088 -44.7284 8.04826 0.819898 9.45516 4.71808 -39.86 -42.2861 30.5358 47.7266 -8.75652 -20.6029 -34.4615 -24.6701 -31.4749 5.38608 -34.17 23.1422 -19.1197 10.2417 14.238 23.4529 41.5445 31.627 18.2626 -6.25663 -27.8587 -7.49983 -17.1607 -52.2654 -14.8236 38.5321 -15.0865 2.07367 -32.364 5.77425 -12.4834 
2.09319e-06 2.78283e-05 0.000334216 3.85012e-07 -2.51374e-06 -1.61023e-05 -2.52139e-06 -7.39098e-06 13.7719 35.4664 2.13688 -6.45898 -18.6388 48.3001 -13.2737 11.5906 16.1611 -15.4106 -17.7803 -24.4158 -8.80112 31.8654 13.0679 -40.4129 38.0843 -4.00036 -65.2199 13.0243 6.11675 -37.8185 71.4231 -8.87396 -12.9642 7.32796 29.6831 74.194 -21.5817 -26.059 -0.123836 1.15146 23.3656 -40.5909 8.1448 -27.2056 -17.7537 26.5349 -12.0874 5.77426 -38.7875 -26.6043 
-1.84397e-07 1.82103e-06 9.7289e-05 -5.62209e-07 2.68053e-06 8.11603e-06 -5.92085e-07 7.62939e-06 -16.3005 60.8329 60.1896 17.6538 14.5936 24.2825 11.0637 -23.5487 -36.7281 0.520015 -9.99469 32.4929 -7.98002 14.0273 2.97439 47.7448 3.06222 -35.1001 36.0788 -19.8075 -20.1945 42.8631 2.3756 -41.1436 -51.7205 26.7144 60.8205 1.16965 -25.2317 -30.9679 24.9908 -51.2679 5.36208 -5.60126 36.0066 -16.3757 31.9342 17.1153 41.8508 -12.4835 -26.6043 -6.76193 
