83 397.218 1.86018e-08 -7.7671e-06 -1.7268e-06 4.97796e-07 3.38268e-07 6.70838e-06 -2.67135e-06 -4.27926e-06 6.39295e-06 -2.86487e-06 -1.14167e-05 -3.61474e-06 -1.06214e-05 6.31241e-07 -2.24295e-06 -7.21069e-06 2.18496e-06 1.80714e-07 5.06082e-07 6.72532e-08 -3.93466e-07 -5.64025e-06 2.82776e-07 7.1983e-07 5.68716e-07 2.96801e-06 3.55698e-06 -1.77933e-06 -3.70147e-06 1.78787e-06 3.26717e-06 -5.13287e-06 -8.55912e-06 9.03425e-06 4.6613e-06 -5.99317e-08 -8.30531e-07 3.69221e-06 -5.68704e-06 1.20629e-05 7.43644e-07 1.08174e-06 3.49364e-07 -5.06076e-07 -8.98119e-06 9.88846e-07 2.92908e-06 -1.17376e-06 
397.218 1917.54 1069.69 0.000348791 -0.000157406 0.000506774 0.000109164 6.01033e-05 -6.82114e-05 0.00018738 0.000129487 -0.000260785 8.72638e-05 6.8466e-05 -1.10814e-05 0.000408701 0.000101824 -0.000258707 -2.56372e-05 9.01493e-05 4.9246e-05 -3.03772e-05 -0.000163631 -0.000440498 0.000140083 0.000207023 -2.81765e-05 0.000438744 -4.23733e-06 0.000202797 -7.50634e-05 -0.000655622 0.000492322 0.000350653 3.16204e-05 -0.000133625 0.000197792 0.000281609 4.41423e-07 -0.000236431 0.000309032 0.000304403 -0.00012633 8.69927e-05 -0.000363534 -4.57952e-05 0.00031719 0.000141616 -4.78182e-05 0.000486318 
1.86018e-08 1069.69 536.677 167.012 -0.00015178 -0.000285773 -5.79214e-05 0.000379222 6.0855e-06 0.00021793 0.0002378 -0.000106014 0.000243808 5.88743e-05 -2.0966e-05 -0.000230526 -0.000111605 -6.53683e-05 0.000323153 4.86575e-05 0.000330242 -0.000209881 -0.000568686 -0.000193509 0.00033578 -3.6934e-05 -1.53331e-05 -0.000434654 -7.9863e-05 -6.47337e-05 0.000304508 -0.000221981 1.35105e-05 3.02693e-05 0.000160665 -0.000241974 0.000252957 9.0017e-05 -0.00017533 2.10622e-06 -0.00024895 5.75971e-05 4.95592e-05 7.23132e-05 -0.000190981 0.000446566 0.000301965 0.000208762 0.000440521 0.000105124 
-7.7671e-06 2.20439e-05 167.012 -12.9172 186.184 9.77807e-06 -1.04601e-05 -6.24357e-05 6.47714e-05 -3.6743e-05 5.84389e-06 -1.78217e-05 5.45971e-05 5.03248e-05 -9.40777e-05 -1.52982e-05 -2.89562e-05 7.74065e-05 2.64315e-05 2.81116e-05 5.56017e-05 1.14572e-05 -2.39332e-05 4.68461e-05 -1.71601e-05 -0.000167205 1.08437e-05 5.33638e-05 -4.77995e-06 -2.78514e-06 1.30567e-06 2.84303e-05 2.43698e-05 -1.01344e-05 -4.30905e-05 5.38441e-05 1.63183e-05 6.41494e-05 8.92763e-06 -9.56035e-05 5.85056e-05 4.88038e-05 -3.35381e-05 -3.61531e-05 -3.54953e-05 1.10208e-06 -1.09387e-05 2.00373e-05 -5.12879e-05 -3.26811e-05 
-1.7268e-06 -4.9581e-06 -0.000161305 186.184 -26.8823 182.229 1.8717e-05 4.48487e-05 -1.2219e-05 0.000112467 -7.53283e-06 -2.02668e-05 -4.87321e-05 5.75135e-05 8.13623e-05 -6.02277e-05 -4.41408e-05 -3.1847e-05 6.64459e-05 8.63682e-05 5.42793e-05 -8.45265e-05 -4.86792e-05 -1.78121e-06 -2.75575e-05 0.00010071 4.93675e-05 -3.75427e-05 -9.66028e-05 4.76345e-05 9.61695e-05 -6.06771e-06 7.09796e-05 -6.9196e-05 6.15297e-06 -3.56209e-05 -3.24683e-06 -7.6425e-05 0.000162894 -8.19138e-05 -7.80648e-05 -7.16149e-05 6.66416e-05 4.517e-05 1.08636e-06 -8.78784e-05 0.00016514 9.03427e-05 -5.07335e-05 0.00012466 
4.97796e-07 -2.91559e-06 -0.000276778 2.87762e-06 182.229 40.7621 191.064 2.57784e-05 -5.62843e-05 -5.3641e-05 7.79534e-05 -3.3472e-05 -1.33797e-05 5.05356e-05 -2.25389e-05 8.11809e-05 -3.19361e-06 -1.86502e-05 -2.98399e-05 -3.31387e-05 9.12336e-05 4.13705e-05 0.000100011 5.82061e-05 -6.9855e-06 5.10383e-05 -8.78585e-05 -2.82485e-05 -2.38201e-05 1.80156e-05 1.37688e-05 -3.29407e-05 -2.21653e-05 -2.51764e-05 -5.13015e-05 3.96885e-05 -1.97429e-05 -0.000134022 7.71348e-05 0.00017155 -4.4726e-05 -7.05612e-05 -0.0001052 -5.52544e-05 4.3718e-06 -0.000125921 -5.29094e-05 1.29958e-06 -7.0665e-05 1.91533e-05 
3.38268e-07 2.2668e-06 -0.000126822 -4.35033e-07 -2.45609e-07 191.064 26.988 164.261 -9.37392e-06 -5.79256e-05 2.70503e-05 -7.78532e-05 -3.26494e-05 2.50871e-05 1.30001e-06 -3.81396e-05 2.88928e-05 0.000132286 1.88294e-05 -1.56667e-05 5.1959e-06 -1.18e-05 -9.15337e-05 -1.2026e-05 0.000196166 -8.06776e-05 4.2532e-05 7.53787e-07 -5.54299e-05 -9.37563e-05 0.000114261 4.13401e-05 5.13319e-05 -6.2443e-06 -3.49972e-05 -6.93759e-06 -1.84075e-05 8.38994e-05 0.000239648 8.03522e-06 -2.01033e-05 -3.24396e-05 6.766e-06 5.26608e-05 1.63449e-05 -2.58049e-06 -0.000104774 -2.63612e-05 -3.74795e-05 2.21218e-05 
6.70838e-06 4.39495e-06 0.000372263 2.14442e-06 -4.50525e-06 8.32657e-07 164.26 9.26334 216.691 8.63782e-05 -9.59835e-06 -7.76821e-05 -4.76909e-05 4.65199e-05 -2.09286e-05 3.3988e-05 2.95825e-05 -0.000141311 1.28123e-05 -5.30567e-05 3.5296e-05 2.22782e-05 8.10636e-05 0.000150314 -0.000125861 6.8128e-05 -4.29275e-05 -6.07078e-05 4.50165e-05 0.000118727 -4.3434e-05 4.55707e-05 -4.94478e-05 -0.000113204 -6.23448e-05 -8.45889e-05 5.34005e-05 -3.16259e-05 7.65353e-05 4.55189e-05 9.56692e-05 0.000163313 -9.17906e-05 2.15372e-06 -2.83129e-05 9.73538e-05 7.89032e-05 -2.79379e-06 -2.05233e-05 7.70775e-05 
-2.67135e-06 -2.02349e-05 2.32265e-05 1.88302e-06 2.2789e-06 -1.79306e-05 -1.09689e-05 216.691 62.7428 185.159 -4.46551e-05 9.36687e-05 -4.58956e-06 -0.000174191 0.000180125 1.07139e-05 -0.000145137 4.62532e-05 0.000118524 -2.40058e-05 -7.11456e-05 2.30037e-06 0.000201643 -4.6283e-05 -6.99324e-05 1.508e-05 0.000119373 3.05176e-05 -3.6858e-05 2.0273e-05 5.88261e-05 9.40338e-05 2.43187e-05 -6.97691e-05 2.29776e-05 -0.000127286 2.16365e-05 -0.00010258 0.000158653 -4.08143e-05 6.12289e-05 7.82311e-06 -3.23057e-05 -4.69312e-05 6.03981e-05 5.47841e-05 3.57628e-05 -3.34084e-05 -0.000153825 -1.52588e-05 
-4.27926e-06 -2.20541e-06 0.000258442 -3.9631e-06 -2.42819e-06 -3.55749e-06 1.99396e-06 -3.58054e-06 185.159 -74.5909 -56.6414 -25.9382 -6.29037 -48.9089 22.8724 -1.79717 -27.3431 -11.23 -16.3834 -27.044 49.0441 -33.0501 27.0243 1.5749 -31.0736 -28.4054 9.42093 -23.112 19.1461 -65.1696 0.963073 34.679 -16.4209 -8.15178 -64.7431 45.2935 52.1467 -7.86255 -6.03897 -13.8735 25.8257 -34.5267 62.0562 -48.0943 -46.5107 7.85813 21.2467 -29.0944 -0.523024 -45.5246 
6.39295e-06 -6.31112e-06 0.000231268 3.98067e-06 -6.94407e-07 7.7512e-06 -1.39176e-05 -4.54419e-06 1.06171e-07 -56.6414 5.2832 -55.4996 0.886269 -5.35998 -2.47899 -6.40776 12.6766 -38.8188 -10.6593 15.5418 27.5827 11.2317 -2.75464 -31.2628 31.9303 -22.8873 -53.7188 -56.1021 3.23576 15.3103 9.56342 75.9418 -27.1416 -11.3729 9.43884 36.9491 -39.1461 4.45646 -6.4897 -5.01856 61.974 -12.7035 54.2842 21.8865 61.2048 -39.113 -8.24688 -14.591 5.39299 53.8937 
-2.86487e-06 5.02088e-06 -0.000134288 -2.12828e-06 -2.25447e-06 2.37287e-06 -1.92757e-06 -4.70636e-06 8.64267e-07 -25.9382 -55.4996 -54.5781 -10.1526 -15.1977 -24.8005 -0.691073 -17.155 -32.5763 -32.3775 -8.98548 -19.9046 -4.5068 16.4585 -35.7351 -6.11303 -48.7755 35.7254 -6.69563 19.5762 -12.7654 29.5258 -36.0176 -46.898 -1.27988 -41.0592 4.39352 -40.7378 18.2329 -21.422 -4.44136 -40.2348 -37.253 -4.7235 34.0718 -58.0243 -19.0593 49.0615 -33.3126 -13.8409 -2.04078 
-1.14167e-05 -4.40116e-06 0.000224201 8.36347e-07 2.57962e-06 6.98717e-06 -3.06355e-06 1.46673e-05 1.37091e-06 -6.29056 0.886268 -10.1526 0.278916 30.9969 -14.832 44.1743 -6.35365 19.3371 21.7076 -38.4941 -30.5946 2.65547 -51.6839 7.31304 -37.2555 33.6535 -20.5582 29.9195 -41.2969 55.2883 22.3656 25.9332 22.8046 -7.2419 -21.8501 -49.9384 22.0239 11.9239 0.159322 23.7629 2.37093 -11.1516 -6.55114 -19.1195 -18.6451 47.8567 -11.2279 9.28269 -3.4323 42.6398 
-3.61474e-06 -1.3073e-06 5.25362e-05 -1.32992e-06 2.84944e-06 1.50547e-06 -3.97231e-06 1.32608e-05 -5.58794e-08 -48.9089 -5.35992 -15.1976 30.997 -27.9983 -24.2717 16.4571 17.6082 2.83559 -12.7311 31.1636 -16.9028 38.7044 28.859 -59.3431 23.7634 -16.5545 -19.2257 11.5636 -7.01917 -32.1373 -17.0756 -27.8236 -10.223 -29.7628 41.7709 14.4699 16.6498 14.3033 38.9792 40.7827 26.1216 8.99642 72.7871 -39.5348 6.07497 17.0199 18.9969 -31.9819 51.5628 15.9355 
-1.06214e-05 3.38408e-06 -0.000130917 1.98644e-06 1.56605e-06 1.13797e-05 -9.50107e-06 1.15169e-05 -3.54648e-06 22.8723 -2.47904 -24.8004 -14.832 -24.2717 -4.29372 11.7886 7.14636 20.8719 5.15171 33.947 43.2486 0.319913 2.92047 1.80591 -9.7801 3.9081 44.0523 1.39869 11.4117 25.4131 -47.1313 20.4706 -1.06051 -8.50897 -6.57471 24.0509 -49.3176 9.88152 -27.6435 -14.2434 -24.8423 -62.8883 -23.0222 40.6656 -30.0087 -21.5898 13.721 -42.8603 -8.92146 31.8939 
6.31241e-07 3.95e-06 -0.000161023 3.13693e-06 -1.36364e-06 8.60446e-06 -4.46358e-06 1.20209e-05 3.12924e-07 -1.79718 -6.40778 -0.691137 44.1742 16.4572 11.7885 20.0239 -20.7952 16.975 46.0585 -18.4443 15.1292 -45.9322 38.8867 35.5686 -0.453664 -4.618 -20.516 7.91827 53.6863 -47.0437 -24.9129 11.9555 -0.712536 -19.5619 -17.6316 -34.6292 5.39413 -31.3527 -49.5729 -17.1698 -57.0536 -42.3094 -8.97509 -0.0457432 15.4386 -52.8122 10.5523 15.7823 17.0859 -8.32829 
-2.24295e-06 -4.13351e-06 -9.36384e-05 -5.48465e-07 -2.38895e-06 4.27962e-06 -7.36627e-06 -4.52323e-06 1.2368e-06 -27.3431 12.6766 -17.1551 -6.35351 17.6082 7.14637 -20.7953 -40.0338 0.906784 -12.1279 20.0448 3.19383 -67.4205 -13.6895 13.6492 -39.293 47.5986 9.21911 -0.00837614 -33.6185 24.9947 -19.7792 -51.6559 54.0884 -1.65136 11.8034 7.54306 -2.75059 -44.6544 -33.5484 -65.7465 18.9394 -92.6982 -24.8252 -29.338 -39.2455 40.2934 -4.78526 19.4964 24.6932 -26.8413 
-7.21069e-06 -2.69363e-05 -3.52175e-05 1.14364e-06 -1.71238e-06 -9.47593e-06 1.78653e-05 2.71532e-06 3.57628e-07 -11.23 -38.8186 -32.5762 19.3371 2.83561 20.8719 16.9749 0.90676 -19.3671 -10.3917 -42.7398 -27.6284 -37.6198 -24.7997 12.5792 -29.7366 -1.81057 12.5582 -56.1859 -32.0926 -4.70823 -18.4899 -41.4302 -7.29282 53.6339 12.1412 -55.1114 58.62 -28.8282 19.6168 6.22807 -40.866 44.5811 -2.15875 59.7515 -33.0081 12.5262 -27.1928 -8.40556 -29.0433 -39.9723 
2.18496e-06 -5.61877e-06 0.000420657 4.0329e-07 2.76253e-06 7.95554e-06 3.74622e-06 -7.23134e-06 5.126e-06 -16.3834 -10.6593 -32.3774 21.7076 -12.7311 5.15175 46.0585 -12.1279 -10.3917 26.4782 35.665 22.2217 -30.4314 -10.4699 -22.8294 -27.0978 18.1849 -10.766 -51.8896 -7.00094 29.0494 19.7252 12.9913 -31.0763 25.8702 40.1367 -13.3774 -38.9172 -48.9137 16.0949 -3.93144 -11.8634 -27.0197 -48.7435 13.3519 26.4502 24.7884 14.749 33.9405 -2.41398 16.9085 
1.80714e-07 -5.88517e-06 7.3077e-05 8.18679e-07 -7.5252e-08 -1.8451e-05 -8.02967e-07 1.19294e-05 9.53674e-07 -27.044 15.5418 -8.98553 -38.494 31.1636 33.947 -18.4443 20.0449 -42.7399 35.665 -80.2009 -1.11041 -43.3295 -9.81286 -24.0907 -23.6006 -47.5275 0.281953 30.6379 26.5586 22.7089 -22.8933 -10.0297 15.7075 -0.803909 -30.2153 50.9468 -30.0466 -19.6742 -13.4566 -2.25388 -12.2367 -14.6585 -11.8259 16.8812 2.51491 12.0503 -13.6107 -22.9224 -16.7877 40.8382 
5.06082e-07 1.72177e-06 0.000187687 -7.99364e-07 1.05679e-06 1.23099e-05 2.36562e-06 1.1386e-05 3.7998e-07 49.0442 27.5828 -19.9046 -30.5947 -16.9028 43.2487 15.1292 3.19384 -27.6285 22.2217 -1.11041 30.8186 -38.5654 -24.6576 -25.9338 -6.55176 -29.4086 -24.7475 25.5418 4.42747 2.60294 31.9264 -17.4464 46.0238 -35.1255 -5.83534 48.7157 41.3144 25.9469 85.608 -31.0291 31.7139 -14.8915 40.0064 6.40452 -14.0868 -10.8321 -16.3232 -35.4787 -5.42526 -2.86832 
6.72532e-08 1.86115e-06 -0.000291266 1.52273e-06 1.99383e-06 2.55785e-06 -2.44757e-06 9.70847e-06 2.14204e-08 -33.0501 11.2317 -4.50686 2.65557 38.7042 0.319837 -45.9323 -67.4203 -37.6198 -30.4314 -43.3294 -38.5653 -62.8843 38.2443 -33.1452 6.32029 -13.3003 -40.3941 -31.9956 22.5923 -20.2105 7.56905 9.75593 -25.3725 5.16254 -20.4187 -43.9692 -27.5948 6.2624 17.4034 19.7873 38.7944 30.9525 0.841212 -3.51902 -30.7952 -65.9574 -29.2725 26.9241 30.9415 16.2322 
-3.93466e-07 2.19201e-06 -0.000518817 -7.95408e-07 -3.59542e-06 4.58829e-06 -7.73251e-07 8.231e-07 2.02656e-06 27.0242 -2.75462 16.4585 -51.6839 28.859 2.92043 38.8868 -13.6895 -24.7997 -10.4699 -9.81284 -24.6576 38.2444 -16.4798 -24.804 24.4252 -32.3851 -11.3059 -33.2753 -36.449 -31.7164 -22.1883 -34.5724 -54.507 -1.62525 17.5712 59.3488 31.7403 -31.1522 -35.9428 -29.4838 -18.0924 21.6503 -32.0539 9.60818 -6.42704 -22.6868 33.8341 8.66472 -9.58891 -44.9912 
-5.64025e-06 -8.29551e-06 -0.000188238 -3.7016e-06 -2.58144e-06 -7.03547e-07 5.17412e-06 -8.39378e-07 -3.06964e-06 1.57485 -31.2628 -35.735 7.31303 -59.3432 1.80591 35.5687 13.6491 12.5793 -22.8293 -24.0906 -25.9338 -33.1453 -24.8039 44.1714 -38.5247 13.7657 -33.0313 22.915 -29.5215 -21.7714 6.08773 -2.05697 9.73327 -43.3562 31.339 62.3421 64.4035 -11.4163 37.9772 27.2505 -25.9067 36.1635 -21.1345 -33.3105 23.8121 -35.8439 -10.9246 -26.1093 -52.5107 14.9086 
2.82776e-07 1.405e-05 0.000289433 -4.58798e-07 2.67179e-06 -7.38134e-06 8.35999e-06 -9.53656e-06 6.69388e-10 -31.0736 31.9303 -6.11313 -37.2556 23.7635 -9.78013 -0.453552 -39.2929 -29.7367 -27.0979 -23.6006 -6.55172 6.32034 24.4252 -38.5247 -39.3881 43.7822 6.10585 -12.3253 10.2913 11.33 40.2383 22.1796 -30.8633 13.5319 44.5634 -7.51057 -16.8609 -5.50321 26.5875 7.39359 -31.42 -37.9432 52.1926 24.2573 37.214 36.4093 35.3832 -16.9329 39.1837 1.73216 
7.1983e-07 7.8605e-06 -0.000176022 -1.39818e-06 1.03722e-06 1.33192e-05 -1.46002e-06 2.94472e-07 5.78165e-06 -28.4053 -22.8874 -48.7755 33.6535 -16.5544 3.90813 -4.61802 47.5985 -1.81059 18.1849 -47.5274 -29.4087 -13.3003 -32.3851 13.7657 43.7822 -34.2438 14.7741 -10.6882 -77.0068 6.98854 33.6088 17.3879 -23.0962 1.3666 0.245815 17.4942 16.0962 -12.3461 -8.84261 -31.133 -0.974799 -11.2299 -9.24241 3.03654 28.6837 -30.6618 -52.9731 0.507381 13.674 -6.95174 
5.68716e-07 -4.62491e-06 7.48529e-06 3.29705e-06 -6.57561e-07 -1.82865e-05 -6.83369e-06 -1.75396e-05 4.39584e-07 9.42088 -53.7187 35.7252 -20.558 -19.2256 44.0522 -20.516 9.21915 12.5583 -10.7661 0.28194 -24.7475 -40.3941 -11.3058 -33.0313 6.10577 14.774 49.7633 51.1749 13.6806 4.71555 -4.44144 -3.95836 -3.99071 -9.20271 -21.1884 -11.7052 53.6042 23.0537 37.643 -9.10613 -10.4408 51.6743 -7.34344 -19.7277 -5.32017 24.0566 45.1888 -14.6191 -60.4707 42.2919 
2.96801e-06 -3.63182e-05 -0.000433904 2.10958e-06 -6.54977e-08 -1.17988e-06 -1.19911e-05 -8.25752e-06 6.55651e-07 -23.112 -56.1022 -6.69573 29.9195 11.5636 1.39873 7.91832 -0.00842373 -56.1859 -51.8897 30.6379 25.5418 -31.9956 -33.2752 22.915 -12.3253 -10.6883 51.1749 47.2061 -7.16649 14.1066 11.2975 7.50463 20.5495 -19.6179 -5.74021 19.5653 -23.6255 -11.1052 46.1345 21.176 -10.8224 -41.7264 -1.62381 29.0098 14.1035 -18.4301 28.58 2.40698 28.0403 -4.49393 
3.55698e-06 5.7677e-06 -9.55564e-05 1.63081e-06 -1.03046e-06 4.64644e-06 -5.05435e-06 1.64057e-05 6.4075e-07 19.1461 3.23577 19.5762 -41.2968 -7.01915 11.4116 53.6863 -33.6185 -32.0927 -7.00089 26.5587 4.42748 22.5923 -36.449 -29.5215 10.2912 -77.0068 13.6805 -7.16657 -33.6772 -62.5084 -0.481985 0.516576 37.7843 -12.3863 72.0475 -6.14479 -2.73414 -6.27008 -25.7846 -33.3042 28.8736 4.57991 42.3686 -21.4311 17.8118 2.15487 -10.4816 -2.93096 1.92067 -26.8465 
-1.77933e-06 -6.13311e-06 -5.46382e-05 6.30444e-08 -2.34513e-06 -6.70717e-06 -1.77471e-06 6.84599e-06 -6.18398e-07 -65.1696 15.3102 -12.7654 55.2884 -32.1373 25.4131 -47.0438 24.9947 -4.70826 29.0495 22.7089 2.60291 -20.2106 -31.7165 -21.7714 11.33 6.98855 4.71552 14.1067 -62.5084 -22.5333 -24.4241 3.09912 51.8081 -10.198 -61.894 -13.8789 -20.9664 -3.39174 -3.09142 29.505 19.9835 7.79637 21.1189 -26.2129 24.7523 31.9976 -40.2502 -5.71579 -31.113 22.239 
-3.70147e-06 -6.84343e-06 0.00026076 -1.16998e-06 1.35527e-06 2.04659e-06 2.36122e-05 -7.17668e-06 -1.49012e-08 0.9631 9.56335 29.5256 22.3656 -17.0756 -47.1313 -24.9129 -19.7793 -18.4898 19.7251 -22.8933 31.9263 7.56902 -22.1883 6.08767 40.2384 33.6089 -4.44137 11.2975 -0.482026 -24.4241 -39.5777 34.3676 -11.4815 -2.56443 -22.03 17.0614 3.88194 -38.0512 -19.3697 -3.12388 27.6732 26.0798 -21.6846 44.0685 14.6878 1.96777 -4.17296 30.376 72.7864 -4.80458 
1.78787e-06 1.04486e-05 -0.00042294 2.94794e-06 -4.51232e-06 1.04267e-05 -8.09964e-06 5.06103e-06 7.82311e-08 34.679 75.9417 -36.0175 25.9333 -27.8236 20.4707 11.9555 -51.6557 -41.4304 12.9914 -10.0297 -17.4463 9.75595 -34.5726 -2.05704 22.1798 17.3881 -3.95836 7.50465 0.516592 3.09917 34.3675 -3.67617 8.77068 -37.6931 3.81041 22.9737 1.20741 2.86305 -6.79779 1.33066 0.606072 52.7483 -38.721 -20.8626 12.8775 -23.7327 -5.14905 -15.0134 -8.19853 -45.7769 
3.26717e-06 -2.23208e-05 0.0001093 2.02755e-06 -3.423e-06 2.06806e-06 8.61434e-06 -1.34055e-05 8.9407e-07 -16.4209 -27.1417 -46.898 22.8045 -10.2231 -1.06053 -0.712517 54.0884 -7.29269 -31.0762 15.7074 46.0238 -25.3725 -54.5069 9.73329 -30.8633 -23.0963 -3.9907 20.5495 37.7844 51.808 -11.4817 8.77064 -30.7505 41.133 2.95814 16.508 53.215 -44.9315 -17.4467 40.1316 -9.85434 16.203 -47.2738 16.7421 -24.0356 -21.6368 18.5237 36.8757 -0.98893 -38.7111 
-5.13287e-06 2.51017e-07 3.82431e-05 -2.80007e-06 1.67705e-06 -2.55874e-06 -6.78374e-06 1.26254e-05 -7.82311e-08 -8.15177 -11.3728 -1.27991 -7.24185 -29.7629 -8.50895 -19.5619 -1.65132 53.6339 25.8702 -0.803859 -35.1255 5.16253 -1.62532 -43.3562 13.5318 1.36663 -9.20271 -19.6178 -12.3862 -10.198 -2.56446 -37.6931 41.133 -12.0305 -23.5261 25.8847 -14.5322 30.7724 -4.49827 -33.7797 10.3212 24.496 -31.2599 -18.4422 -2.42025 -29.5596 4.60345 20.6721 9.51032 25.8274 
-8.55912e-06 4.84105e-06 0.000184597 5.64369e-08 -6.07727e-07 1.22927e-06 1.37418e-05 1.55594e-05 1.66893e-06 -64.7431 9.43892 -41.0593 -21.8502 41.7707 -6.57471 -17.6317 11.8034 12.1411 40.1368 -30.2153 -5.83528 -20.4187 17.5711 31.3391 44.5634 0.245821 -21.1884 -5.74017 72.0474 -61.894 -22.03 3.81041 2.95813 -23.526 -23.1766 17.04 8.73738 43.4421 -23.81 -44.5768 17.5622 -24.0597 -34.572 14.8486 -40.6309 3.2681 -22.421 23.9545 25.6823 37.1006 
9.03425e-06 -4.23332e-06 -0.00024429 8.01022e-09 3.12771e-06 8.21155e-06 1.33721e-06 -1.5315e-05 -5.96046e-08 45.2934 36.9492 4.39359 -49.9384 14.4699 24.0509 -34.6291 7.54303 -55.1115 -13.3774 50.9468 48.7155 -43.9691 59.3487 62.3421 -7.51056 17.4942 -11.7052 19.5654 -6.1448 -13.8788 17.0613 22.9738 16.508 25.8848 17.0398 -2.20374 26.5648 -48.5088 19.6305 -3.2367 -16.7923 21.3937 28.0342 -6.59285 -12.8766 -23.0051 -35.4327 39.3422 77.5464 24.7188 
4.6613e-06 -7.6368e-06 0.000188859 5.30318e-06 3.96494e-08 -1.75487e-05 -1.02351e-05 7.85767e-06 -2.38419e-07 52.1465 -39.1461 -40.7376 22.0239 16.6498 -49.3175 5.39424 -2.75049 58.6199 -38.9172 -30.0466 41.3144 -27.5947 31.7403 64.4035 -16.8609 16.0963 53.6043 -23.6255 -2.73411 -20.9663 3.882 1.20727 53.2151 -14.5322 8.73738 26.5647 24.7554 6.49765 -21.6458 -20.4577 -3.72218 24.1289 61.0568 29.9212 49.3514 -17.1089 -11.8465 18.8333 -23.1503 -7.75593 
-5.99317e-08 4.48348e-06 0.000113552 -2.87826e-06 1.49186e-06 -1.32348e-06 6.38539e-06 2.38845e-05 3.12924e-07 -7.86261 4.45645 18.2329 11.924 14.3033 9.88148 -31.3526 -44.6545 -28.8281 -48.9135 -19.6742 25.9469 6.26231 -31.1521 -11.4163 -5.50332 -12.3461 23.0537 -11.1052 -6.26998 -3.39181 -38.0511 2.86293 -44.9316 30.7725 43.4421 -48.5088 6.49761 -35.8157 24.5674 -24.4006 19.2322 4.88327 -7.75049 -35.5765 -21.2405 23.9523 -39.6758 19.7127 -23.8709 -21.5494 
-8.30531e-07 1.02781e-05 -9.0333e-05 -5.43125e-06 1.28152e-06 -4.11479e-06 6.82743e-06 -8.56335e-06 -1.2815e-06 -6.03898 -6.48974 -21.4219 0.159258 38.9792 -27.6435 -49.5727 -33.5483 19.617 16.0949 -13.4567 85.6079 17.4035 -35.9428 37.9773 26.5875 -8.84247 37.643 46.1344 -25.7847 -3.09153 -19.3697 -6.79771 -17.4467 -4.4983 -23.8099 19.6305 -21.6458 24.5675 -53.9549 -55.2065 -1.60753 -27.7376 20.7532 24.5141 25.0378 -36.2605 -14.0781 4.67123 5.43957 34.015 
3.69221e-06 -1.83662e-05 -8.38835e-05 5.37375e-06 -8.7469e-07 8.54269e-06 -2.24403e-05 -1.23021e-05 3.27826e-07 -13.8735 -5.01871 -4.44135 23.763 40.7826 -14.2435 -17.1698 -65.7467 6.22812 -3.93138 -2.25382 -31.0292 19.7875 -29.4839 27.2506 7.39358 -31.1332 -9.10621 21.176 -33.3043 29.5049 -3.12374 1.33065 40.1315 -33.7798 -44.5767 -3.23662 -20.4578 -24.4007 -55.2064 -4.76481 85.1848 49.2636 -7.28171 30.4209 16.4804 -26.8164 24.2635 -33.6863 -2.79027 -61.6082 
-5.68704e-06 -2.30885e-05 -0.000291679 5.25354e-06 -3.6032e-06 -2.16427e-06 -3.91625e-07 7.41343e-06 9.98378e-07 25.8257 61.9743 -40.235 2.37091 26.1215 -24.8419 -57.0538 18.9394 -40.8659 -11.8634 -12.2366 31.7138 38.7943 -18.0923 -25.9067 -31.4199 -0.97479 -10.4408 -10.8224 28.8736 19.9835 27.6733 0.606111 -9.85434 10.3212 17.5623 -16.7923 -3.72224 19.2321 -1.6074 85.185 32.0835 -25.431 -23.1078 10.241 24.0267 6.1551 -11.963 -24.6657 15.6432 -3.04813 
1.20629e-05 -4.6693e-06 1.09097e-05 -3.80272e-06 2.12233e-06 -8.47998e-06 7.75994e-06 -8.806e-06 -1.3411e-06 -34.5267 -12.7034 -37.2532 -11.1516 8.99633 -62.8883 -42.3094 -92.6978 44.5813 -27.0196 -14.6586 -14.8914 30.9525 21.6504 36.1635 -37.9433 -11.2299 51.6744 -41.7264 4.57996 7.79644 26.0798 52.7483 16.2031 24.4961 -24.0596 21.3937 24.1289 4.88334 -27.7378 49.2635 -25.4309 -11.0127 9.48459 21.5545 -0.435339 -12.1976 -40.8037 -24.4909 -40.421 10.471 
7.43644e-07 -1.52827e-05 8.24072e-05 1.02315e-06 5.62961e-07 -1.0309e-05 -4.76935e-06 8.71407e-06 1.63913e-06 62.0563 54.2841 -4.72354 -6.55108 72.7869 -23.0222 -8.97521 -24.8251 -2.15873 -48.7434 -11.8259 40.0062 0.841074 -32.054 -21.1345 52.1924 -9.24242 -7.34341 -1.62389 42.3688 21.1189 -21.6845 -38.721 -47.2738 -31.2598 -34.5719 28.0342 61.0566 -7.75051 20.7531 -7.28166 -23.1078 9.48454 17.8176 -28.9806 21.2821 -6.58701 12.5471 -64.0162 7.06994 54.1312 
1.08174e-06 -8.23306e-06 8.29956e-05 -2.63437e-06 -3.39369e-06 -5.77429e-06 -2.97099e-06 -6.1594e-06 -2.38419e-07 -48.0944 21.8867 34.0718 -19.1194 -39.5349 40.6655 -0.0455815 -29.338 59.7517 13.3519 16.8813 6.40455 -3.51898 9.60802 -33.3105 24.2573 3.03654 -19.7276 29.0099 -21.431 -26.2128 44.0686 -20.8626 16.7422 -18.4422 14.8487 -6.59291 29.9214 -35.5765 24.514 30.4209 10.2411 21.5545 -28.9806 28.9477 7.12673 -17.6984 32.67 -1.79714 -22.1456 -14.5316 
3.49364e-07 4.62437e-07 -0.000120479 -3.82594e-08 4.76583e-06 -9.65349e-06 -7.77449e-06 -1.13514e-05 7.33882e-07 -46.5107 61.2051 -58.0246 -18.645 6.07496 -30.0087 15.4385 -39.2453 -33.008 26.4502 2.51501 -14.0867 -30.7955 -6.42717 23.8122 37.2138 28.6837 -5.32022 14.1035 17.8118 24.7523 14.6878 12.8776 -24.0358 -2.42021 -40.6309 -12.8766 49.3513 -21.2405 25.0378 16.4804 24.0267 -0.435289 21.282 7.12675 2.00674 23.4093 -36.9017 60.1153 -10.6565 27.6933 
-5.06076e-07 -1.80663e-05 0.000534783 -2.224e-07 -4.4806e-07 -1.72451e-06 -4.31665e-06 -1.79336e-06 1.33179e-07 7.85812 -39.1129 -19.0593 47.8568 17.0198 -21.5897 -52.8119 40.2935 12.5261 24.7884 12.0502 -10.8322 -65.957 -22.6867 -35.8439 36.4093 -30.6619 24.0565 -18.4301 2.15488 31.9975 1.96772 -23.7326 -21.6369 -29.5596 3.26809 -23.0051 -17.1088 23.9523 -36.2605 -26.8163 6.15511 -12.1976 -6.58702 -17.6984 23.4094 8.96637 -18.2288 -16.6869 25.8319 16.4279 
-8.98119e-06 2.58688e-05 0.000103716 3.841e-06 -4.17405e-06 -1.09787e-05 1.10995e-06 -8.6892e-06 8.34465e-07 21.2468 -8.24694 49.0613 -11.2279 18.9968 13.721 10.5523 -4.78526 -27.1928 14.749 -13.6106 -16.3231 -29.2726 33.8342 -10.9247 35.3832 -52.9729 45.1888 28.58 -10.4816 -40.2501 -4.17314 -5.14893 18.5236 4.60348 -22.421 -35.4328 -11.8464 -39.6756 -14.0781 24.2635 -11.9629 -40.8036 12.5471 32.6701 -36.9017 -18.2288 -23.63 -4.04015 -11.4967 57.8022 
9.88846e-07 -5.95985e-06 0.000274189 1.99264e-06 2.05822e-06 4.03776e-06 2.28736e-06 7.09315e-06 -9.74536e-06 -29.0944 -14.5906 -33.3128 9.28269 -31.9821 -42.8603 15.7823 19.4964 -8.40559 33.9406 -22.9223 -35.4787 26.9241 8.66482 -26.1094 -16.9329 0.507453 -14.6191 2.40699 -2.93091 -5.71591 30.3761 -15.0135 36.8759 20.6722 23.9546 39.3421 18.8333 19.7127 4.67116 -33.6862 -24.6657 -24.4908 -64.0161 -1.79717 60.1153 -16.6868 -4.04024 1.38091 22.0568 10.2947 
2.92908e-06 2.81829e-05 0.000351302 8.62492e-07 -1.84296e-06 -1.55191e-05 -3.58172e-06 -7.47157e-06 2.65986e-06 -0.52309 5.39321 -13.8409 -3.43245 51.5631 -8.92138 17.0859 24.6932 -29.0433 -2.41419 -16.7876 -5.42532 30.9414 -9.58887 -52.5109 39.1837 13.6741 -60.4709 28.0402 1.92063 -31.113 72.7864 -8.1985 -0.989016 9.51025 25.6825 77.5463 -23.1502 -23.871 5.43961 -2.7902 15.643 -40.421 7.06986 -22.1456 -10.6564 25.832 -11.4967 22.0568 -32.0462 -21.9382 
-1.17376e-06 1.40134e-06 7.70663e-05 -1.12736e-06 1.8866e-06 7.42573e-06 6.62923e-07 7.72479e-06 -1.90735e-06 -45.5244 53.8938 -2.04094 42.6398 15.9354 31.8938 -8.32813 -26.8412 -39.9723 16.9085 40.8382 -2.86833 16.2322 -44.9911 14.9085 1.73215 -6.95162 42.2918 -4.4939 -26.8464 22.239 -4.80443 -45.7769 -38.7111 25.8274 37.1005 24.7187 -7.75604 -21.5494 34.015 -61.6082 -3.04808 10.471 54.1311 -14.5316 27.6933 16.4278 57.8021 10.2947 -21.9382 -27.2515 
